410
0 4365.90040  4365.89903  4365.89600    -2.21000 24118.81700     1.79300     3.54786   674.17300     0.24900  4365.80547  4366.01653  4365.79164  4366.03220
0 4389.25120  4389.25011  4389.24500    -4.58300   415.93300     1.50800     2.27410   216.36400     0.24900  4389.13784  4389.35996  4389.12585  4389.37286
0 4423.84470  4423.84274  4423.84100    -1.61000 29469.02200     1.82700     3.33863   925.96100     0.27400  4423.74516  4423.94516  4423.73687  4423.97650
0 4432.57260  4432.57062  4432.56800    -1.60000 28819.95200     1.07000     1.43400  1027.60800     0.24500  4432.46753  4432.68228  4432.46200  4432.68965
0 4439.63710  4439.63551  4439.63400    -2.84000 24574.65300     1.39600     2.04243   679.24900     0.24700  4439.54678  4439.73019  4439.52281  4439.73572
0 4439.88600  4439.88432  4439.88200    -3.00200 18378.18500     1.74550     3.67773   437.17000     0.23900  4439.78277  4440.00950  4439.76342  4440.02517
0    0.00000     0.00000     0.00000     0.00000     0.00000     0.00000     0.00000     0.00000     0.00000     0.00000     0.00000     0.00000     0.00000
0    0.00000     0.00000     0.00000     0.00000     0.00000     0.00000     0.00000     0.00000     0.00000     0.00000     0.00000     0.00000     0.00000
0 4445.47600  4445.47402  4445.47100    -5.44100   704.00700     1.50200     2.25605   216.79000     0.24900  4445.38844  4445.56448  4445.38291  4445.57001
0 4447.13540  4447.13340  4447.13000    -2.59000 17726.98700     1.73200     3.01531   420.19800     0.24700  4447.03494  4447.24139  4447.02664  4447.24508
0 4484.22660  4484.22527  4484.22000    -0.72000 29056.32200     1.91200     3.76412  1393.54200     0.27500  4484.04964  4484.39388  4484.02476  4484.40356
0 4485.97080  4485.96885  4485.97000    -2.35000 29469.02200    -0.89350     3.27991     0.00000     0.00000  4485.88923  4486.05375  4485.87403  4486.06204
0 4489.74490  4489.74569  4489.73900    -3.96600   978.07400     0.00000     0.00000   217.41300     0.25000  4489.65919  4489.85273  4489.58315  4489.94121
0 4502.59310  4502.59184  4502.59100    -2.35000 28819.95200     0.59750     0.58381   990.07500     0.24100  4502.52121  4502.64840  4502.50739  4502.69540
0 4523.40750  4523.40053  4523.39900    -1.99000 29469.02200     1.75000     3.07695   844.35500     0.27700  4523.30520  4523.49874  4523.22225  4523.53192
0 4537.67230  4537.67140  4537.67100    -2.88000 26351.03800     1.02500     1.05352   759.75000     0.24800  4537.58244  4537.75525  4537.55617  4537.76631
0 4551.64990  4551.64923  4551.64800    -2.06000 31805.06900     0.88050     0.84566     0.00000     0.00000  4551.56695  4551.75497  4551.55727  4551.76465
0 4556.92750  4556.92582  4556.92400    -2.71000 26224.96700     1.19900     1.44685   745.79400     0.24700  4556.85423  4557.02427  4556.83626  4557.04363
0    0.00000     0.00000     0.00000     0.00000     0.00000     0.00000     0.00000     0.00000     0.00000     0.00000     0.00000     0.00000     0.00000
0 4574.21910  4574.21806  4574.21600    -2.50000 25899.98700     0.83700     0.96590  1079.32200     0.23100  4574.10850  4574.35458  4574.08915  4574.36288
0 4574.72240  4574.72119  4574.71800    -2.97000 18378.18500     1.50350     2.26058   420.92700     0.25000  4574.60074  4574.78046  4574.57447  4575.01411
0 4587.13160  4587.13022  4587.12800    -1.78000 28819.95200     0.93400     0.87526   948.37300     0.23900  4587.06109  4587.22423  4586.84404  4587.31271
0 4593.52680  4593.52612  4593.52500    -2.06000 31805.06900     1.76600     3.34996     0.00000     0.00000  4593.40376  4593.66781  4593.35537  4593.68026
0 4596.41130  4596.41102  4596.41500    -2.32000 29469.02200     2.37600     6.23074   805.71900     0.28100  4596.29932  4596.47766  4596.25784  4596.52466
0    0.00000     0.00000     0.00000     0.00000     0.00000     0.00000     0.00000     0.00000     0.00000     0.00000     0.00000     0.00000     0.00000
0 4602.00600  4602.00572  4602.00100    -3.15400 12968.55300    -0.35900     0.48183   319.05700     0.25000  4601.78342  4602.26176  4601.75853  4602.28388
0 4602.94660  4602.94882  4602.94100    -1.95000 11976.23800     0.92800     1.02060   306.22500     0.25700  4602.82310  4603.05536  4602.64798  4603.21757
0 4619.29320  4619.29316  4619.28800    -1.12000 29056.32200     1.57100     2.47174     0.00000     0.00000  4619.19182  4619.39090  4619.06094  4619.44804
0 4625.05140  4625.05107  4625.04500    -1.34000 26140.17700     1.36800     2.27218  1078.03600     0.23100  4624.96292  4625.17122  4624.79518  4625.37951
0 4630.12580  4630.12504  4630.12000    -2.60000 18378.18500     1.50800     2.27407   414.79400     0.25500  4630.03594  4630.23640  4629.73179  4630.29354
0 4635.85090  4635.84926  4635.84600    -2.42000 22946.81400     1.28950     1.78221   555.73800     0.24500  4635.76795  4635.95182  4635.74721  4636.08869
0    0.00000     0.00000     0.00000     0.00000     0.00000     0.00000     0.00000     0.00000     0.00000     0.00000     0.00000     0.00000     0.00000
0 4657.58790  4657.58701  4657.58500    -2.90000 22946.81400     1.40200     1.98831   551.93000     0.24600  4657.53260  4657.65610  4657.43030  4657.74827
0 4658.29760  4658.29648  4658.29400    -3.04000 26351.03800     1.11900     1.25721   724.88200     0.24300  4658.22018  4658.38055  4658.20451  4658.40912
0 4672.83640  4672.83539  4672.83000    -4.24000 12968.55300     1.90900     4.15599   315.34300     0.25100  4672.72580  4672.95437  4672.68525  4672.99308
0 4678.85190  4678.85226  4678.84600    -0.66000 29056.32200     1.87150     3.57920     0.00000     0.00000  4678.68231  4678.99752  4678.63808  4679.02517
0 4683.56380  4683.56283  4683.56000    -2.53000 22838.32100     1.51550     2.30011   543.52600     0.24600  4683.48822  4683.64859  4683.46979  4683.70389
0 4690.14170  4690.14072  4690.13800    -1.68000 29732.73400     2.15650     4.97818     0.00000     0.00000  4690.04585  4690.24308  4689.84861  4690.27073
0 4700.15900  4700.15834  4700.15800    -1.69500 34843.95500     1.53850     2.39744     0.00000     0.00000  4700.03596  4700.29448  4699.92121  4700.36084
0 4704.95190  4704.95096  4704.94800    -1.57000 29732.73400     0.00000     0.00000     0.00000     0.00000  4704.85605  4705.07909  4704.74361  4705.18416
0 4726.13960  4726.13874  4726.13700    -3.25000 24180.86000     1.09800     1.53365   833.65400     0.22600  4726.08614  4726.20596  4725.86310  4726.43269
0 4729.02100  4729.02019  4729.02000    -1.66000 32873.63000     1.08000     1.21718     0.00000     0.00000  4728.93805  4729.10026  4728.90856  4729.12423
0 4733.59680  4733.59825  4733.59100    -2.71000 11976.23800     1.37500     2.46162   300.28400     0.25600  4733.51201  4733.69634  4733.28528  4733.80694
0 4735.84710  4735.84655  4735.84300    -1.22000 32873.63000     1.32400     1.75838     0.00000     0.00000  4735.76599  4735.92268  4735.52821  4736.16231
0 4741.53410  4741.53405  4741.52900    -2.00000 22838.32100     1.51500     2.29580   534.35000     0.24600  4741.44746  4741.61705  4741.24470  4741.84746
0 4749.94880  4749.94816  4749.94800    -1.34000 36766.96400     1.53800     2.71341     0.00000     0.00000  4749.87691  4750.05663  4749.44004  4750.22530
0    0.00000     0.00000     0.00000     0.00000     0.00000     0.00000     0.00000     0.00000     0.00000     0.00000     0.00000     0.00000     0.00000
0 4779.44230  4779.44106  4779.43900    -2.31000 27543.00100     0.00000     0.00000   767.60800     0.24300  4779.34691  4779.53354  4779.29299  4779.58884
0 4780.81320  4780.81076  4780.80900    -3.36000 26224.96700     1.09700     1.23173   686.10900     0.24000  4780.73855  4780.89753  4780.70260  4780.92103
0 4785.95830  4785.95687  4785.95700    -1.93000 33412.71500     0.57700     0.73146     0.00000     0.00000  4785.87535  4786.03295  4785.83941  4786.05922
0    0.00000     0.00000     0.00000     0.00000     0.00000     0.00000     0.00000     0.00000     0.00000     0.00000     0.00000     0.00000     0.00000
0 4788.76270  4788.76165  4788.75700    -1.81000 26105.90600     1.18250     1.42372   677.38100     0.24000  4788.61754  4788.88574  4788.48758  4788.99911
0 4789.65680  4789.65689  4789.65100    -0.84000 28604.61100     1.05600     1.11670   844.82900     0.24400  4789.54344  4789.75496  4789.50334  4789.85864
0 4790.56270  4790.56076  4790.56000    -2.64000 33507.12100     1.07600     1.24430     0.00000     0.00000  4790.49219  4790.63735  4790.47146  4790.64427
0 4790.74360  4790.74370  4790.74600    -3.24000 26224.96700     1.24700     1.73312   683.72800     0.24000  4790.66756  4790.82378  4790.65789  4790.84037
0 4793.96660  4793.96461  4793.96100    -3.53000 24574.65300     1.02700     1.08109   595.73200     0.23900  4793.88780  4794.07996  4793.86568  4794.09102
0 4794.35710  4794.35615  4794.35400    -4.05000 19552.47700     1.49900     2.24700   425.51200     0.25000  4794.27415  4794.39581  4794.22576  4794.52991
0 4798.26700  4798.26619  4798.26500    -1.55000 33765.30400     0.43200     0.30667     0.00000     0.00000  4798.16746  4798.37483  4798.14119  4798.39695
0 4798.73360  4798.73367  4798.73200    -4.25000 12968.55300     1.08250     3.04352   309.37900     0.25200  4798.67830  4798.85895  4798.39812  4798.92162
0 4799.06980  4799.06596  4799.05800    -2.77000 34547.20900     0.83700     0.98570     0.00000     0.00000  4799.00068  4799.12786  4798.96750  4799.14307
0 4799.40920  4799.40857  4799.40600    -2.23000 29356.74200     1.31450     1.99048   909.91800     0.24000  4799.32072  4799.49768  4799.29998  4799.52118
0    0.00000     0.00000     0.00000     0.00000     0.00000     0.00000     0.00000     0.00000     0.00000     0.00000     0.00000     0.00000     0.00000
0 4802.52160  4802.52145  4802.52300    -1.82000 37157.56400     1.65050     3.10266     0.00000     0.00000  4802.40685  4802.61699  4802.36953  4802.65570
0 4807.71220  4807.71131  4807.70800    -2.20000 27166.81800     1.32150     1.79013  1070.33000     0.23000  4807.64308  4807.87349  4807.34354  4807.98870
0 4808.15090  4808.14934  4808.14800    -2.79000 26224.96700     1.34050     1.79764   679.60500     0.24000  4808.01496  4808.30528  4808.03108  4808.29606
0 4809.94000  4809.93845  4809.94000    -2.72000 28819.95200     1.03750     1.15938   856.23500     0.24300  4809.83631  4810.05751  4809.80866  4810.08286
0 4835.87130  4835.87024  4835.86800    -1.50000 33095.93900     1.35950     2.57490     0.00000     0.00000  4835.76301  4835.94273  4835.60402  4836.03950
0 4839.55000  4839.54897  4839.54400    -1.82000 26351.03800     1.04600     1.10568   679.47400     0.23900  4839.45092  4839.68364  4839.39793  4839.70438
0 4848.88660  4848.88604  4848.88300    -3.40000 18378.18500    -0.01350     0.76981   393.89500     0.26700  4848.79904  4848.96494  4848.70918  4849.00872
0    0.00000     0.00000     0.00000     0.00000     0.00000     0.00000     0.00000     0.00000     0.00000     0.00000     0.00000     0.00000     0.00000
0 4873.75340  4873.75271  4873.75100    -3.06000 26623.73300     1.19700     1.43678   687.23600     0.23900  4873.67967  4873.83635  4873.64280  4873.85709
0 4874.35650  4874.35548  4874.35300    -3.03000 24772.01600     1.59900     2.60987   589.15600     0.23800  4874.27816  4874.44406  4874.24590  4874.46710
0 4875.88150  4875.88116  4875.87700    -2.02000 26874.54800     1.19500     1.45577  1057.43200     0.23400  4875.79394  4875.98749  4875.64417  4876.02666
0 4882.14840  4882.14855  4882.14300    -1.64000 27559.58100     0.99750     0.99547  1066.86100     0.22900  4882.02398  4882.25209  4881.95716  4882.40416
0 4885.43610  4885.43519  4885.43000    -1.09500 31307.24300     1.85500     3.66064     0.00000     0.00000  4885.30476  4885.57896  4885.27711  4885.61352
0 4892.86240  4892.86133  4892.85900    -1.29000 34017.10100     1.25550     1.74408     0.00000     0.00000  4892.73106  4892.97300  4892.64581  4892.99834
0 4907.73650  4907.73555  4907.73200    -1.84000 27666.34600    -0.51350     1.01819  1065.92800     0.22900  4907.60056  4907.87014  4907.56369  4907.88857
0 4909.38740  4909.38684  4909.38300    -1.32700 31686.34900     1.36900     2.31857     0.00000     0.00000  4909.27450  4909.54408  4909.24454  4909.55791
0 4910.02220  4910.02261  4910.01700    -1.64700 27394.68900     1.24300     1.54618  1067.36800     0.23300  4909.86321  4910.16275  4909.81252  4910.18810
0 4911.78080  4911.78025  4911.77900    -1.79000 31686.34900     0.61750     0.48232     0.00000     0.00000  4911.65407  4911.89370  4911.64486  4911.89831
0 4918.01520  4918.01459  4918.01300    -1.36000 34121.60100     0.00000     0.00000     0.00000     0.00000  4917.89538  4918.15114  4917.87926  4918.16727
0 4938.82090  4938.82149  4938.81400    -1.07700 23192.49800     1.25300     1.69601   737.24600     0.23700  4938.61353  4939.02597  4938.58357  4939.04671
0 4939.69310  4939.69413  4939.68700    -3.34000  6928.26800     1.26500     1.61237   247.04600     0.24600  4939.56637  4939.84978  4939.43273  4939.89817
0 4945.63900  4945.63854  4945.63600    -1.51000 33946.93100     1.84400     3.64674     0.00000     0.00000  4945.57679  4945.76573  4945.16665  4945.84176
0 4946.39470  4946.39491  4946.38700    -1.17000 27166.81800     1.34300     1.80926  1054.22300     0.23400  4946.28180  4946.63894  4945.90161  4946.78410
0 4950.11080  4950.11065  4950.10600    -1.67000 27559.58100     0.77200     0.70363  1065.60700     0.23300  4949.95181  4950.27209  4949.84121  4950.31126
0 4962.57560  4962.57532  4962.57200    -1.29000 33695.39500     1.89700     3.92117  1198.86200     0.29600  4962.44196  4962.72076  4962.37975  4962.79219
0 4969.92280  4969.92182  4969.91700    -0.71000 34017.10100     1.60050     2.59692  1245.43000     0.29700  4969.78455  4970.02879  4969.63248  4970.83524
0 4979.58810  4979.58768  4979.58700    -2.58000 29356.74200     0.91850     1.48519   844.71700     0.24100  4979.50699  4979.63603  4979.46091  4979.78718
0    0.00000     0.00000     0.00000     0.00000     0.00000     0.00000     0.00000     0.00000     0.00000     0.00000     0.00000     0.00000     0.00000
0    0.00000     0.00000     0.00000     0.00000     0.00000     0.00000     0.00000     0.00000     0.00000     0.00000     0.00000     0.00000     0.00000
0 4985.25870  4985.25922  4985.25300    -0.56000 31686.34900     1.14650     1.31955     0.00000     0.00000  4985.06515  4985.36930  4984.93612  4986.11123
0 4985.55300  4985.55455  4985.54700    -1.33100 23110.93700     1.30000     1.76561   725.61900     0.23800  4985.45945  4985.66590  4984.96913  4986.10139
0 4986.22520  4986.22497  4986.22300    -1.39000 34017.10100     1.72150     3.12157     0.00000     0.00000  4986.13488  4986.32843  4986.10262  4986.64778
0 4988.95490  4988.95554  4988.95000    -0.89000 33507.12100     1.41200     2.14094  1156.11200     0.29300  4988.80651  4989.03232  4988.68393  4989.36780
0 4992.78700  4992.78562  4992.78600    -2.35000 34362.87100     1.31800     1.83218  1294.09200     0.30100  4992.68377  4992.87364  4992.64322  4992.91972
0 4994.13640  4994.13798  4994.13000    -3.08000  7376.76400     1.10000     1.24750   249.11600     0.24500  4994.01290  4994.28940  4993.88755  4994.40552
0 4995.41090  4995.40957  4995.40800    -1.89000 34362.87100     1.60200     2.60011     0.00000     0.00000  4995.34638  4995.50307  4995.20076  4995.53809
0 4999.11350  4999.11278  4999.11300    -1.74000 33765.30400     0.27500     0.39883     0.00000     0.00000  4999.04253  4999.19415  4998.87756  4999.73608
0 5001.87600  5001.87119  5001.86300     0.01000 31307.24300     1.48750     2.24650  1426.06000     0.26600  5001.71379  5002.05342  5001.30319  5002.40826
0 5002.79850  5002.79781  5002.79200    -1.58000 27394.68900     1.12850     1.29812  1051.51900     0.23400  5002.69712  5002.92016  5002.40311  5003.26993
0 5012.69830  5012.69728  5012.69500    -1.79000 34547.20900     1.51200     2.81454  1316.04400     0.30300  5012.61719  5012.83010  5011.82134  5012.97203
0 5014.95050  5014.94994  5014.94200    -0.25000 31805.06900     1.16400     1.35794     0.00000     0.00000  5014.80350  5015.10764  5014.46386  5015.65511
0 5016.47780  5016.47681  5016.47800    -1.69000 34328.75000     0.15800     0.61466  1267.31800     0.29900  5016.37642  5016.60683  5016.33080  5016.71605
0 5022.24200  5022.24191  5022.23600    -0.53000 32133.98900     0.86050     0.75108     0.00000     0.00000  5022.12265  5022.36458  5021.82587  5022.59684
0 5023.18790  5023.18728  5023.18600    -1.60000 34547.20900     1.02950     1.06020     0.00000     0.00000  5023.10080  5023.27822  5023.04274  5023.37822
0 5029.62080  5029.62028  5029.61800    -2.05000 27543.00100     0.65700     0.50845   705.61600     0.23700  5029.53693  5029.70467  5029.31757  5030.17886
0 5030.76070  5030.80761  5030.77800    -2.95000 26105.90600     1.21300     1.47444   624.89400     0.23700  5030.71231  5030.84457  5030.48651  5031.39296
0 5044.21640  5044.21620  5044.21100    -2.15000 22996.67200     1.30900     1.76426   711.71100     0.23800  5044.10350  5044.34866  5043.77446  5044.48092
0    0.00000     0.00000     0.00000     0.00000     0.00000     0.00000     0.00000     0.00000     0.00000     0.00000     0.00000     0.00000     0.00000
0 5054.64570  5054.64404  5054.64300    -2.14000 29356.74200     1.10900     1.23508   821.39600     0.24000  5054.56183  5054.73925  5054.40054  5054.91667
0 5058.49870  5058.49839  5058.49600    -2.83000 29371.81000     1.26850     1.68514   821.44800     0.24000  5058.40838  5058.60193  5058.37935  5058.66644
0 5067.15690  5067.15461  5067.15000    -0.97000 34039.51400     1.28350     1.79012     0.00000     0.00000  5067.06335  5067.27625  5066.93755  5067.36335
0 5072.67670  5072.67557  5072.67200    -1.09100 34039.51400     1.12900     1.30238     0.00000     0.00000  5072.58638  5072.77347  5072.50573  5073.27670
0 5074.75560  5074.75711  5074.74800    -0.20000 34039.51400     1.53600     2.41459  1181.47600     0.29700  5074.53901  5074.90307  5074.23947  5075.65422
0    0.00000     0.00000     0.00000     0.00000     0.00000     0.00000     0.00000     0.00000     0.00000     0.00000     0.00000     0.00000     0.00000
0 5083.34500  5083.34700  5083.33800    -2.95800  7728.05900     1.25000     1.56250   249.80600     0.24500  5083.24362  5083.47403  5082.72749  5083.61228
0 5088.15590  5088.15409  5088.15300    -1.78000 33507.12100     1.57750     2.50069  1097.50400     0.28500  5088.07295  5088.26650  5087.69507  5088.32180
0 5090.78070  5090.77978  5090.77300    -0.40000 34328.75000     1.53800     2.40866  1215.18800     0.29800  5090.66088  5090.90973  5089.96964  5091.57794
0 5104.03380  5104.03252  5104.03000    -2.87000 24335.76400     1.48700     2.21119   536.43400     0.24000  5103.97481  5104.09647  5103.61445  5104.76652
0 5104.19160  5104.19108  5104.19000    -1.97000 33695.39500     1.31900     2.30640     0.00000     0.00000  5104.12893  5104.28745  5103.61648  5104.76672
0 5109.65440  5109.65395  5109.65200    -0.98000 34692.14600    -0.37450     0.52582  1265.10000     0.30000  5109.54011  5109.81661  5109.23781  5109.91246
0 5123.72690  5123.72826  5123.72000    -3.06800  8154.71300    -0.01300     0.00017   252.09300     0.24400  5123.61630  5123.83013  5123.07437  5124.28727
0 5127.36550  5127.36742  5127.35900    -3.30700  7376.76400     1.25200     1.58191   246.43100     0.24600  5127.25767  5127.49269  5127.12495  5127.53140
0 5127.68360  5127.68345  5127.68100    -6.12500   415.93300     2.51600     6.84638   205.67900     0.25300  5127.61448  5127.75825  5127.53153  5127.78314
0 5129.63120  5129.63009  5129.63100    -1.85000 31805.06900     1.21550     1.86316  1438.93800     0.26200  5129.53996  5129.74318  5128.80171  5130.04595
0 5136.09290  5136.09169  5136.09200    -2.12000 33765.30400     1.56050     2.69535     0.00000     0.00000  5135.99336  5136.16755  5135.84405  5136.36249
0 5137.38970  5137.38933  5137.38200    -0.40000 33695.39500     1.47100     2.16579  1096.53300     0.28600  5137.26113  5137.50998  5136.58924  5137.80445
0 5141.74600  5141.74625  5141.73900    -2.15000 19552.47700     0.99650     1.75355   395.50700     0.27800  5141.60499  5141.85383  5141.44738  5142.01144
0 5143.72500  5143.72495  5143.72300    -3.79000 17726.98700     2.55400     7.60043   362.28800     0.24700  5143.66694  5143.78721  5143.45127  5144.18537
0 5145.09930  5145.09776  5145.09400    -3.23000 17726.98700     1.82800     3.34229   362.21400     0.24600  5145.01220  5145.17810  5144.81727  5145.31912
0 5159.06370  5159.06272  5159.05800    -0.82000 34547.20900     0.47450     0.31650     0.00000     0.00000  5158.95587  5159.19227  5158.27153  5159.88075
0 5194.94770  5194.95059  5194.94100    -2.09000 12560.93300     1.08600     1.17940   290.26900     0.24900  5194.81083  5195.12189  5194.32558  5195.81867
0 5196.06500  5196.06367  5196.05900    -0.52400 34328.75000     1.60800     2.65191     0.00000     0.00000  5195.94887  5196.19772  5195.82859  5196.28896
0 5197.93650  5197.93791  5197.93600    -1.64000 34692.14600     0.31650     0.43184     0.00000     0.00000  5197.84111  5198.07751  5197.30609  5198.19364
0 5198.71710  5198.71822  5198.71100    -2.13500 17927.38100     2.83050     8.34141   362.69800     0.24700  5198.53046  5198.82908  5198.45166  5199.01157
0 5213.80710  5213.80671  5213.80600    -2.76000 31805.06900     0.85800     0.82280   769.07300     0.28000  5213.71586  5213.93152  5213.69097  5213.95226
0 5216.28020  5216.28267  5216.27400    -2.15000 12968.55300     0.67600     0.45737   293.98600     0.24800  5216.16407  5216.37559  5216.00647  5216.71154
0 5217.39720  5217.39682  5217.38900    -1.16200 25899.98700     1.51700     2.30142   812.25300     0.23200  5217.11102  5217.59628  5216.99075  5217.74973
0 5223.18510  5223.18518  5223.18300    -2.39000 29320.02400     0.00000     0.00000   773.11400     0.23600  5223.07312  5223.32611  5223.02750  5223.35929
0 5225.53320  5225.53254  5225.53500    -2.11200 40594.42900     1.40750     2.22755     0.00000     0.00000  5225.40463  5225.65762  5225.29265  5225.67836
0 5228.38100  5228.37951  5228.37600    -1.29000 34039.51400     2.00150     4.26539     0.00000     0.00000  5228.27731  5228.50542  5228.23169  5228.78330
0 5232.94930  5232.95020  5232.94000    -0.19000 23711.45400     2.07100     4.44651   711.18500     0.23800  5232.63962  5233.59446  5231.94285  5233.91704
0 5236.20390  5236.20331  5236.20200    -1.72000 33765.30400     1.53050     2.58525     0.00000     0.00000  5236.11173  5236.30067  5235.87671  5236.74307
0 5238.24360  5238.24974  5238.25300    -3.15000 32133.98900     0.07000     0.75399   795.65400     0.27800  5238.16249  5238.35789  5238.10351  5238.38001
0 5242.49880  5242.49827  5242.49100    -0.84000 29313.00600     1.02800     1.05692   767.94000     0.23500  5242.34027  5242.66470  5242.24811  5242.73474
0 5243.78230  5243.78073  5243.77600    -1.15000 34328.75000     1.17950     1.39815  1129.31700     0.29200  5243.63483  5243.94083  5243.59428  5244.00718
0 5247.05850  5247.05606  5247.05000    -4.94600   704.00700     1.25400     1.69355   205.78700     0.25300  5246.93684  5247.17647  5246.91103  5247.19491
0    0.00000     0.00000     0.00000     0.00000     0.00000     0.00000     0.00000     0.00000     0.00000     0.00000     0.00000     0.00000     0.00000
0 5250.65270  5250.65340  5250.64600    -2.05000 17726.98700     1.97900     3.96700   356.79900     0.24200  5250.49049  5250.78542  5250.40570  5251.31998
0 5253.02500  5253.02415  5253.02100    -3.94000 18378.18500     3.00000     9.74401   367.37800     0.25200  5252.91440  5253.12823  5252.88122  5253.13929
0 5253.46930  5253.46691  5253.46200    -1.67000 26479.37900     1.50650     2.26994   846.03700     0.23000  5253.34395  5253.59465  5253.15594  5254.20663
0 5262.62460  5262.62402  5262.61800    -2.28000 34843.95500     1.27850     1.87213  1193.07300     0.29800  5262.55824  5262.71677  5262.53612  5262.74626
0    0.00000     0.00000     0.00000     0.00000     0.00000     0.00000     0.00000     0.00000     0.00000     0.00000     0.00000     0.00000     0.00000
0 5279.65760  5279.65612  5279.65500    -3.44000 26627.60700     0.69600     0.49235   605.63500     0.23500  5279.59308  5279.72442  5279.52166  5279.74746
0 5284.61000  5284.60948  5284.60900    -2.11000 33765.30400     0.91100     1.43224     0.00000     0.00000  5284.55240  5284.71138  5284.30124  5284.82659
0 5288.53150  5288.53076  5288.52700    -1.67000 29798.93400     1.02100     1.11124   790.62700     0.23500  5288.43703  5288.64901  5288.29417  5288.69509
0 5293.96090  5293.96017  5293.95900    -1.87000 33412.71500     1.24600     1.56872     0.00000     0.00000  5293.86643  5294.03463  5293.75583  5294.35030
0 5294.54930  5294.54809  5294.54700    -2.86000 29356.74200     1.45000     3.02760   758.60800     0.23400  5294.46174  5294.64838  5294.42257  5294.84423
0 5295.31600  5295.31512  5295.31300    -1.69000 35611.62300     0.68550     1.40376  1308.33200     0.30600  5295.22153  5295.44503  5295.15932  5295.48190
0 5302.30740  5302.30869  5302.30000    -0.88000 26479.37900     1.49100     2.22313   831.98700     0.23200  5302.03828  5302.61339  5301.61063  5303.02629
0 5320.03810  5320.03870  5320.03700    -2.54000 29371.81000     1.20800     1.46623   753.77700     0.23400  5319.94962  5320.15607  5319.91644  5320.20769
0 5321.11050  5321.11036  5321.10800    -1.44000 35767.56200     0.98550     1.48251  1321.38300     0.30700  5320.97778  5321.26903  5320.94829  5321.32432
0 5322.04610  5322.04597  5322.04100    -3.03000 18378.18500     1.92600     4.06228   363.89400     0.24800  5321.93919  5322.17882  5321.89495  5322.28204
0 5329.99320  5329.99274  5329.99000    -1.30000 32873.63000     1.67000     3.03615     0.00000     0.00000  5329.91578  5330.15173  5329.55449  5330.26601
0 5332.90620  5332.90682  5332.90000    -2.94000 12560.93300     0.84000     0.80646   286.31800     0.24700  5332.79929  5333.04261  5332.46012  5333.48500
0 5339.93560  5339.93837  5339.92900    -0.68000 26339.69400     1.49800     2.24405   812.54400     0.23400  5339.67385  5340.11625  5339.29781  5340.58445
0 5358.11680  5358.11588  5358.11300    -3.90800 26623.73300     1.18900     1.41505   592.59200     0.23400  5358.00251  5358.23109  5357.93984  5358.31219
0 5364.88010  5364.87998  5364.87100     0.22000 35856.40000     0.18600     0.07900  1306.87500     0.30700  5364.62572  5365.17872  5364.25706  5365.67273
0 5365.40630  5365.40477  5365.39900    -1.02000 28819.95200     1.07500     1.15938   710.12400     0.23400  5365.28833  5365.53165  5365.22934  5365.70860
0 5367.47550  5367.47620  5367.46600     0.35000 35611.62300     0.86750     0.75319  1256.56000     0.30300  5367.09578  5367.73356  5366.90407  5368.04693
0 5369.97020  5369.97187  5369.96100     0.35000 35257.32200     1.10500     1.22103  1196.54500     0.29900  5369.74532  5370.20614  5369.21813  5370.58587
0 5373.71360  5373.71263  5373.70900    -0.86000 36079.37000     0.26600     0.53013     0.00000     0.00000  5373.57719  5373.85738  5373.42236  5374.04908
0 5376.83310  5376.83156  5376.83100    -2.31000 34636.79000     1.40600     2.03564     0.00000     0.00000  5376.75199  5376.92527  5376.72987  5376.96951
0 5379.57960  5379.57881  5379.57400    -1.48000 29798.93400     0.90100     0.82093   768.48100     0.23400  5379.42476  5379.75656  5379.38421  5379.85241
0 5383.37920  5383.37940  5383.36900     0.50000 34782.41900     1.28550     1.65889  1121.11500     0.29100  5383.08012  5383.85570  5382.55293  5384.37782
0 5386.33450  5386.33419  5386.33300    -1.77000 33507.12100     2.14600     4.81917   919.60100     0.28000  5386.21653  5386.47459  5386.13174  5386.54233
0 5389.46660  5389.49802  5389.47900    -0.41000 35611.62300     1.01450     1.40310     0.00000     0.00000  5389.34125  5389.65093  5388.98734  5390.20393
0 5393.17440  5393.17598  5393.16700    -0.91000 26140.17700     1.49700     2.24102   789.32400     0.23700  5392.88684  5393.34030  5392.55505  5393.79744
0 5395.21870  5395.21858  5395.21800    -2.17000 35856.40000     1.54250     2.86532  1284.86300     0.30500  5395.10810  5395.31087  5394.94220  5395.64266
0 5398.28600  5398.28457  5398.27900    -0.67000 35856.40000     0.80950     3.13194     0.00000     0.00000  5398.07218  5398.46665  5397.95052  5398.55512
0 5405.78380  5405.78552  5405.77500    -1.84400  7985.78400     1.74250     3.22008   245.71000     0.24800  5405.53541  5406.09809  5404.87643  5406.61007
0 5406.77990  5406.77619  5406.77500    -1.72000 35257.32200     1.49050     2.31168     0.00000     0.00000  5406.67207  5406.90432  5406.61815  5407.01216
0 5410.91970  5410.91841  5410.91000     0.28000 36079.37000     0.67100     0.47424  1319.47400     0.30800  5410.69850  5411.10219  5410.24505  5411.66624
0 5412.78760  5412.78678  5412.78400    -1.89000 35767.56200     1.00000     1.39000  1255.88000     0.30400  5412.72493  5412.89083  5412.43737  5412.93507
0 5415.21080  5415.20947  5415.19900     0.50000 35379.20600     1.30550     1.70896  1190.82900     0.29900  5414.60711  5415.87439  5414.47808  5415.96656
0 5417.04050  5417.03904  5417.03700    -1.68000 35611.62300     1.17900     1.43267     0.00000     0.00000  5416.94373  5417.16953  5416.74557  5417.39073
0 5422.15600  5422.15532  5422.15400    -2.26000 34843.95500     0.94350     0.99800     0.00000     0.00000  5422.09148  5422.25277  5422.06383  5422.28964
0 5432.95250  5432.95214  5432.94800    -1.04000 35856.40000     0.51800     0.63670  1259.34400     0.30400  5432.79121  5433.08614  5432.69904  5433.29351
0 5434.53150  5434.53409  5434.52400    -2.12200  8154.71300     0.00000     0.00000   246.40100     0.24700  5434.28726  5434.76652  5433.84486  5435.35638
0 5436.29850  5436.29728  5436.29500    -1.54000 35379.20600     1.17300     1.37968     0.00000     0.00000  5436.15564  5436.43214  5436.05887  5436.81463
0 5436.59260  5436.59111  5436.58800    -3.39000 18378.18500     1.35100     1.87325   358.56000     0.24300  5436.48661  5436.68016  5436.07186  5436.84145
0 5441.34200  5441.34054  5441.33900    -1.73000 34782.41900     1.86900     3.77569  1090.91700     0.28800  5441.23140  5441.50329  5441.12080  5441.63693
0 5445.05020  5445.05066  5445.04200    -0.02000 35379.20600     1.24800     1.55750  1175.48800     0.29800  5444.81979  5445.33131  5444.28983  5445.69075
0 5460.87620  5460.87488  5460.87300    -3.58000 24772.01600     1.96500     4.60823   510.73700     0.23800  5460.81491  5460.98265  5460.59555  5461.06007
0 5461.55300  5461.55136  5461.55000    -1.90000 35856.40000    -0.47200     1.52528     0.00000     0.00000  5461.47881  5461.68848  5461.25945  5461.73365
0 5462.96720  5462.96659  5462.96000    -0.23400 36079.37000     0.81650     0.68163  1282.43800     0.30600  5462.78010  5463.07688  5462.31236  5463.61881
0 5463.28510  5463.28388  5463.27600     0.11000 35767.56200     1.09800     1.20576  1225.42300     0.30200  5463.18187  5463.47220  5462.70445  5463.59800
0 5464.28250  5464.28147  5464.28000    -1.72000 33412.71500     0.98400     0.97162     0.00000     0.00000  5464.19863  5464.43734  5464.13734  5464.54379
0 5470.09570  5470.09351  5470.09300    -1.81000 35856.40000     2.39600     7.15672  1236.45600     0.30300  5469.96022  5470.20215  5469.86989  5470.32796
0 5473.16500  5473.16374  5473.16300    -2.14000 33801.57000     1.65700     3.03433   918.75800     0.27900  5473.05855  5473.26500  5472.98435  5473.30694
0 5473.90760  5473.90565  5473.90100    -0.76000 33507.12100     1.49200     2.22606     0.00000     0.00000  5473.80115  5474.04308  5473.66889  5474.13986
0 5483.10170  5483.10084  5483.09900    -1.58000 33507.12100     0.75800     0.84394     0.00000     0.00000  5482.96622  5483.20493  5482.87912  5483.54686
0    0.00000     0.00000     0.00000     0.00000     0.00000     0.00000     0.00000     0.00000     0.00000     0.00000     0.00000     0.00000     0.00000
0    0.00000     0.00000     0.00000     0.00000     0.00000     0.00000     0.00000     0.00000     0.00000     0.00000     0.00000     0.00000     0.00000
0 5491.83460  5491.83414  5491.83500    -2.40000 33765.30400     0.04800     0.79359     0.00000     0.00000  5491.77331  5491.95073  5491.49589  5491.98944
0 5493.50120  5493.49983  5493.49900    -1.84000 33095.93900     1.11850     1.33655  1467.36600     0.25500  5493.42055  5493.59797  5493.00765  5493.68830
0 5494.46680  5494.46567  5494.46300    -2.09000 32873.63000     1.71600     3.25111     0.00000     0.00000  5494.37003  5494.57970  5494.24099  5494.59583
0 5501.47150  5501.47432  5501.46500    -2.95000  7728.05900     0.87200     0.99852   242.41800     0.25000  5501.32772  5501.61897  5501.05215  5502.24569
0 5506.78640  5506.78809  5506.77900    -2.79700  7985.78400     0.50000     0.75000   244.09200     0.24900  5506.60944  5506.92649  5506.26290  5507.33940
0 5517.06920  5517.06913  5517.06800    -2.37000 33946.93100     1.65600     3.03459   918.30400     0.27900  5516.98809  5517.18349  5516.58625  5517.25722
0 5522.44910  5522.44811  5522.44600    -1.55000 33946.93100     1.53150     2.36180     0.00000     0.00000  5522.31269  5522.58182  5521.96246  5522.85094
0 5525.54720  5525.54674  5525.54400    -1.33000 34121.60100     0.00000     0.00000     0.00000     0.00000  5525.42923  5525.65043  5525.26702  5525.98960
0 5539.28240  5539.28224  5539.28000    -2.66000 29371.81000     0.94800     0.97015   708.69100     0.23300  5539.17917  5539.38194  5538.81788  5539.65475
0 5543.19440  5543.19342  5543.18900    -1.22100 39625.80100     1.68700     2.90477     0.00000     0.00000  5543.11698  5543.31975  5542.72988  5543.55569
0 5543.93990  5543.93958  5543.93600    -1.14000 34017.10100     1.45300     2.11577     0.00000     0.00000  5543.81087  5544.06525  5543.60810  5544.40810
0 5546.51010  5546.50963  5546.50600    -1.31000 35257.32200     0.86700     0.83523     0.00000     0.00000  5546.32945  5546.62070  5546.24098  5546.81978
0 5552.69190  5552.69078  5552.69200    -1.99000 39969.85000     1.42600     2.03652     0.00000     0.00000  5552.61448  5552.79144  5552.54812  5552.94259
0 5560.21560  5560.21408  5560.21200    -1.19000 35767.56200     1.49500     2.32864     0.00000     0.00000  5560.08288  5560.36675  5560.02758  5560.46260
0 5565.71740  5565.71070  5565.70400    -0.45800 37162.74400     1.07850     1.16446     0.00000     0.00000  5565.61049  5565.86487  5565.13122  5566.31832
0 5568.86890  5568.86582  5568.86400    -2.95000 29320.02400     0.63600     0.45598   700.23200     0.23300  5568.79332  5568.93710  5568.75277  5568.96844
0 5569.62530  5569.62724  5569.61800    -0.54000 27559.58100     1.77500     3.34877   844.80200     0.23300  5569.38475  5569.90733  5568.97000  5570.26816
0 5576.09700  5576.09666  5576.08900    -1.00000 27666.34600     0.00000     0.00000   851.20400     0.23200  5575.91866  5576.30023  5575.45414  5576.71912
0 5577.02570  5577.02443  5577.02500    -1.55000 40594.42900     1.25250     1.79107     0.00000     0.00000  5576.93446  5577.13353  5576.88054  5577.19575
0    0.00000     0.00000     0.00000     0.00000     0.00000     0.00000     0.00000     0.00000     0.00000     0.00000     0.00000     0.00000     0.00000
0 5607.66680  5607.66572  5607.66400    -2.27000 33507.12100     1.72300     3.05766   808.18100     0.27700  5607.60044  5607.75390  5607.45113  5607.78293
0 5611.35870  5611.35885  5611.35600    -2.99000 29320.02400     0.14950     0.40149   692.60000     0.23300  5611.27575  5611.45409  5611.21769  5611.48312
0 5618.63600  5618.63556  5618.63200    -1.38000 33946.93100     1.30900     2.08590     0.00000     0.00000  5618.48669  5618.77701  5618.25858  5618.91803
0 5619.60020  5619.60061  5619.59600    -1.70000 35379.20600     1.06050     1.17388     0.00000     0.00000  5619.46748  5619.72048  5619.39697  5619.93200
0 5624.02640  5624.02557  5624.02200    -1.48000 35379.20600     1.80900     3.48230  1087.32500     0.28900  5623.86926  5624.12271  5623.77340  5625.10612
0 5633.95040  5633.94966  5633.94600    -0.27000 40257.31100     1.36500     1.86410     0.00000     0.00000  5633.80109  5634.09971  5633.53565  5634.40247
0 5635.82470  5635.82368  5635.82200    -1.89000 34328.75000     2.39400     6.39249   916.98200     0.27800  5635.68369  5635.94083  5635.59244  5636.34728
0 5636.69920  5636.69821  5636.69600    -2.61000 29356.74200     1.16100     1.34792   690.21400     0.23300  5636.58307  5636.84021  5636.54574  5636.90657
0 5638.26750  5638.26689  5638.26200    -0.87000 34039.51400     1.71400     3.01994     0.00000     0.00000  5638.01036  5638.50391  5637.90252  5638.58271
0 5641.43940  5641.43950  5641.43400    -1.18000 34328.75000     1.89600     3.80737     0.00000     0.00000  5641.28180  5641.60115  5640.70115  5642.08640
0    0.00000     0.00000     0.00000     0.00000     0.00000     0.00000     0.00000     0.00000     0.00000     0.00000     0.00000     0.00000     0.00000
0 5649.98780  5649.98783  5649.98700    -0.92000 41130.59600    -0.18050     0.12393     0.00000     0.00000  5649.88411  5650.13296  5649.50255  5650.20347
0 5650.68720  5650.68717  5650.70600    -0.96000 41018.04800     0.77800     0.70208     0.00000     0.00000  5650.58766  5650.87384  5650.20609  5651.07706
0 5651.47160  5651.47122  5651.46900    -2.00000 36079.37000     0.14300     0.72029     0.00000     0.00000  5651.36377  5651.60847  5651.30985  5651.64165
0 5652.31940  5652.31891  5652.31800    -1.95000 34362.87100     1.45900     2.13279     0.00000     0.00000  5652.18668  5652.48115  5652.10373  5652.53922
0 5653.86740  5653.86677  5653.86500    -1.64000 35379.20600     1.31150     1.95793  1072.25000     0.28700  5653.75680  5653.98906  5653.57708  5654.12731
0 5655.17950  5655.17851  5655.17600    -0.64000 40842.15100     1.36950     1.89776     0.00000     0.00000  5655.08549  5655.27351  5654.10116  5655.94263
0 5661.34800  5661.34631  5661.34500    -2.02000 34555.59500     0.00000     0.00000     0.00000     0.00000  5661.20975  5661.52496  5661.15445  5661.65215
0 5662.52330  5662.52235  5662.51600    -0.57300 33695.39500     1.62700     2.67653  1481.02400     0.26300  5662.34081  5662.71685  5661.69934  5663.23666
0 5672.26600  5672.26154  5672.26200    -2.80000 36975.58600     1.00250     1.15405     0.00000     0.00000  5672.21807  5672.31300  5672.13881  5672.42637
0 5677.68750  5677.68579  5677.68400    -2.70000 33095.93900     1.76800     3.23680   725.30400     0.28000  5677.60870  5677.80363  5677.54234  5677.86999
0 5678.39000  5678.38277  5678.37900    -3.63300 31322.61100     0.00300     0.86857  1138.12000     0.22000  5678.25728  5678.47295  5678.14115  5678.50613
0 5679.02950  5679.02683  5679.02400    -0.92000 37521.15800     0.30500     0.38640     0.00000     0.00000  5678.83042  5679.17881  5678.72259  5679.40277
0 5680.24470  5680.24244  5680.24100    -2.58000 33765.30400     0.25800     0.41769     0.00000     0.00000  5680.15346  5680.35668  5680.07051  5680.41889
0 5686.53720  5686.53597  5686.53000    -0.63000 36686.17400     1.52000     2.42301  1257.75600     0.30600  5686.46255  5686.68651  5685.96900  5687.10126
0 5701.55270  5701.55213  5701.54400    -2.21600 20641.10900     1.45750     2.15401   384.30000     0.27600  5701.35777  5701.76422  5700.83104  5702.10846
0 5705.46770  5705.46707  5705.46400    -1.60000 34692.14600     0.68900     1.96580     0.00000     0.00000  5705.37231  5705.62530  5705.17323  5705.69581
0 5712.13610  5712.13465  5712.13100    -2.06000 27559.58100     0.50000     0.75803   815.17200     0.24000  5712.06145  5712.28126  5711.60522  5712.50522
0 5717.83790  5717.83628  5717.83300    -1.13000 34555.59500     0.00000     0.00000     0.00000     0.00000  5717.73421  5717.96647  5717.39412  5718.43514
0 5720.89500  5720.89446  5720.88600    -1.95000 36686.17400     0.98600     1.01276     0.00000     0.00000  5720.76643  5721.00283  5720.62956  5721.40099
0 5724.46600  5724.45708  5724.45400    -2.64000 34555.59500     0.00000     0.00000   909.16500     0.27800  5724.36231  5724.59042  5724.28351  5724.70241
0 5731.76660  5731.76539  5731.76200    -1.30000 34328.75000     1.36800     2.22507     0.00000     0.00000  5731.58826  5731.94079  5731.46798  5732.05692
0 5741.85600  5741.85001  5741.84800    -1.73000 34328.75000     1.00600     1.04036     0.00000     0.00000  5741.69840  5741.97628  5741.60715  5742.40347
0 5752.03770  5752.03631  5752.03200    -0.86400 36686.17400     1.17100     1.59062  1220.57000     0.30300  5751.88010  5752.22848  5751.64784  5752.49392
0 5753.12870  5753.12800  5753.12200    -0.76000 34362.87100     1.68150     2.93067     0.00000     0.00000  5753.00197  5753.26050  5752.57294  5753.89921
0 5759.26370  5759.26345  5759.26200    -2.07000 37521.15800     1.07350     2.78712  1380.82000     0.31000  5759.18259  5759.37430  5759.03144  5759.79458
0 5760.34550  5760.34665  5760.34400    -2.49000 29371.81000     1.56200     2.46769   670.47700     0.23400  5760.22753  5760.42661  5760.07638  5760.61462
0 5775.08490  5775.08335  5775.08100    -1.29800 34039.51400     1.41550     2.20302  1482.96700     0.26400  5774.90425  5775.27661  5774.80472  5775.40932
0 5778.45790  5778.45745  5778.45300    -3.59000 20874.48100     1.19850     1.79866   384.98000     0.27600  5778.34730  5778.58693  5778.24776  5778.63486
0 5780.60410  5780.60256  5780.60000    -2.64000 26140.17700     1.62750     3.02265   737.60200     0.24400  5780.52668  5780.67783  5779.88152  5781.33037
0 5784.66140  5784.66108  5784.65800    -2.67000 27394.68900     0.87200     0.99852   793.99700     0.24400  5784.55080  5784.77569  5784.22638  5784.81624
0 5793.91780  5793.91623  5793.91500    -1.70000 34039.51400     1.34650     1.81307  1475.59900     0.25700  5793.81089  5794.08739  5793.56020  5794.20167
0 5804.03700  5804.03650  5804.03400    -2.29000 31307.24300     0.89250     0.87324  1079.91500     0.22700  5803.92271  5804.13285  5803.82686  5804.71534
0 5807.78680  5807.78584  5807.78300    -3.41000 26550.47700     0.00000     0.00000   751.22400     0.24500  5807.68357  5807.87897  5807.56192  5808.12228
0 5809.22150  5809.22092  5809.21700    -1.84000 31322.61100     1.21400     1.73712  1080.05000     0.22700  5809.08509  5809.35422  5808.98924  5809.75238
0 5811.91720  5811.91702  5811.91500    -2.43000 33412.71500     1.19800     1.46424     0.00000     0.00000  5811.81766  5812.02780  5811.75499  5812.08679
0 5814.80920  5814.80940  5814.80700    -1.97000 34547.20900     1.06150     1.17114     0.00000     0.00000  5814.70229  5814.94192  5814.61381  5815.00828
0 5827.87940  5827.88015  5827.87700    -3.41000 26479.37900     1.23800     1.73079   746.14400     0.24500  5827.79829  5827.97525  5827.75774  5828.04530
0 5835.10180  5835.10180  5835.10000    -2.37000 34328.75000     1.07750     1.20721     0.00000     0.00000  5834.99489  5835.20871  5834.93959  5835.24558
0 5838.37530  5838.37436  5838.37200    -2.34000 31805.06900     0.23800     0.41620  1142.21700     0.22100  5838.28682  5838.49696  5837.89604  5838.80295
0 5849.68640  5849.68608  5849.68300    -2.99000 29798.93400     1.16150     2.64803   679.30600     0.23400  5849.60898  5849.78225  5849.56105  5849.82281
0 5852.22220  5852.22228  5852.21900    -1.33000 36686.17400     1.23450     1.52915     0.00000     0.00000  5852.10423  5852.39916  5851.91252  5852.48026
0 5855.08030  5855.08054  5855.07600    -1.76000 37162.74400     1.36500     1.99296  1249.93000     0.30600  5854.96970  5855.19827  5854.91071  5855.37154
0 5856.09130  5856.09154  5856.08800    -1.64000 34636.79000     1.00550     1.01521     0.00000     0.00000  5855.99545  5856.24614  5855.75950  5856.31250
0 5858.78400  5858.78123  5858.77900    -2.26000 34039.51400     1.26400     1.60730     0.00000     0.00000  5858.69183  5858.87985  5858.65128  5858.94621
0 5859.59380  5859.59215  5859.58600    -0.38600 36686.17400     1.27600     1.62872     0.00000     0.00000  5859.46108  5859.79656  5859.09979  5859.89242
0 5861.11230  5861.10992  5861.10900    -2.45000 34547.20900     0.69400     0.66647     0.00000     0.00000  5861.04225  5861.21921  5860.95377  5861.27820
0 5862.36510  5862.36531  5862.35700    -0.05100 36686.17400     1.24200     1.54259  1165.47000     0.29800  5862.09229  5862.62685  5861.87109  5862.98077
0 5880.02360  5880.02875  5880.02800    -1.94000 36766.96400     2.31800     6.09254     0.00000     0.00000  5879.92406  5880.12683  5879.87982  5880.17107
0 5881.28220  5881.28199  5881.28000    -1.84000 37162.74400     1.11400     1.25903     0.00000     0.00000  5881.18635  5881.36331  5880.82506  5881.48496
0 5902.47550  5902.47566  5902.47300    -1.81000 37045.93200     1.28200     1.64506     0.00000     0.00000  5902.37227  5902.60822  5902.33909  5902.63034
0 5905.67590  5905.67619  5905.67100    -0.73000 37521.15800     1.18450     1.48521     0.00000     0.00000  5905.58373  5905.82337  5905.45839  5905.98926
0 5916.25350  5916.25403  5916.24700    -2.99400 19788.25000     1.02850     2.90276   361.72400     0.24200  5916.12815  5916.43415  5916.10603  5916.47838
0 5927.79790  5927.79241  5927.78900    -1.09000 37521.15800     1.36600     2.01918  1278.35700     0.30800  5927.65781  5927.94905  5927.49560  5928.04122
0 5929.68020  5929.67971  5929.67700    -1.41000 36686.17400     1.46100     2.16226  1135.35300     0.29500  5929.56223  5929.84241  5929.28204  5929.87191
0 5930.18940  5930.18882  5930.18100    -0.23000 37521.15800     0.53400     0.33259  1276.95800     0.30800  5929.97189  5930.42903  5929.86866  5930.49908
0 5934.66190  5934.66173  5934.65500    -1.17000 31686.34900     1.22900     1.51788  1083.59400     0.22700  5934.45176  5934.86466  5934.34116  5935.03056
0 5952.72120  5952.72354  5952.71800    -1.44000 32133.98900     0.67200     0.45268  1145.57200     0.22200  5952.62166  5952.83549  5952.27512  5953.36267
0 5956.69970  5956.70018  5956.69400    -4.60500  6928.26800     2.44100     6.68093   230.86500     0.25400  5956.57804  5956.87297  5956.53380  5956.92827
0 5976.78380  5976.78314  5976.77700    -1.50300 31805.06900     1.09650     1.20485  1084.88400     0.22700  5976.68057  5976.90546  5976.27873  5977.20776
0 5983.68590  5983.68659  5983.68000    -1.52100 36686.17400     1.26650     1.62041  1112.29500     0.29300  5983.50525  5983.82231  5983.40572  5984.36793
0 5984.82210  5984.82285  5984.81500    -0.44300 38175.35200     1.59400     2.57729  1378.11900     0.30900  5984.68569  5985.00643  5984.42763  5985.50413
0 5987.06740  5987.07039  5987.06500    -0.65400 38678.03600     1.61300     2.67292  1499.08200     0.31000  5986.90150  5987.19275  5986.72086  5987.56878
1 6003.01880  6003.01996  6003.01100    -1.12000 31307.24300     1.26900     1.62444  1046.24700     0.24000  6002.87133  6003.21419  6002.51004  6003.45382
1 6007.96560  6007.96610  6007.96000    -0.97800 37521.15800     0.23400     0.46699     0.00000     0.00000  6007.86606  6008.13150  6007.49740  6008.24947
1 6008.56310  6008.56453  6008.55600    -1.29100 31322.61100     1.37050     1.88235  1046.29900     0.24000  6008.40826  6008.82116  6008.24974  6009.01656
1 6027.05620  6027.05691  6027.05100    -1.21000 32873.63000     1.46600     2.21036     0.00000     0.00000  6026.90136  6027.28477  6026.72440  6027.33638
1 6034.03650  6034.03642  6034.03500    -2.42000 34782.41900     2.02500     4.53479  1482.85600     0.26800  6033.94433  6034.13973  6033.86691  6034.16922
1 6056.01140  6056.01106  6056.00500    -0.46000 38175.35200     1.59850     2.68079     0.00000     0.00000  6055.81969  6056.19942  6055.56532  6056.64181
1 6065.49210  6065.49389  6065.48200    -1.53000 21038.98600     0.67550     0.45802   376.35800     0.26100  6065.19717  6065.69118  6064.94279  6066.03772
1 6078.49760  6078.49786  6078.49100    -0.48100 38678.03600     1.23100     1.52816     0.00000     0.00000  6078.32433  6078.68931  6078.05889  6078.80359
1 6079.01360  6079.01210  6079.00800    -1.12000 37521.15800     1.03950     2.43963  1195.04000     0.30200  6078.89194  6079.16844  6078.80715  6079.26798
1 6082.71470  6082.71436  6082.71000    -3.57300 17927.38100     1.99750     4.74451   329.04000     0.24000  6082.61885  6082.84373  6082.58567  6082.90272
0    0.00000     0.00000     0.00000     0.00000     0.00000     0.00000     0.00000     0.00000     0.00000     0.00000     0.00000     0.00000     0.00000
1 6093.64570  6093.64605  6093.64300    -1.50000 37162.74400     1.76600     3.34996     0.00000     0.00000  6093.49823  6093.83003  6093.42082  6093.89270
1 6094.37660  6094.37637  6094.37300    -1.94000 37521.15800     0.62950     0.39741     0.00000     0.00000  6094.28443  6094.50563  6094.04112  6094.61992
1 6096.66820  6096.66822  6096.66400    -1.93000 32133.98900     0.25700     0.42730  1088.78700     0.22700  6096.53917  6096.81567  6096.41751  6096.90414
1 6102.18280  6102.18329  6102.17100    -0.65700 38995.73300     0.40150     0.18632     0.00000     0.00000  6102.04455  6102.31414  6101.75146  6103.64824
1 6136.62410  6136.62743  6136.61500    -1.40000 19788.25000     0.76100     0.58062   354.43900     0.23600  6136.29230  6136.80106  6136.05728  6138.15037
1 6136.99920  6137.00110  6136.99400    -2.95000 17726.98700     1.32800     1.84427   324.81700     0.24100  6136.94021  6137.13192  6136.01855  6138.14206
1 6137.70070  6137.70351  6137.69100    -1.40300 20874.48100     1.07950     1.16629   371.17200     0.25200  6137.59010  6138.01038  6136.15969  6138.97628
1 6151.62170  6151.62314  6151.61700    -3.29900 17550.18000     1.32400     1.81146   322.07100     0.24100  6151.51387  6151.75949  6151.38806  6151.86133
1 6157.73310  6157.73349  6157.72800    -1.26000 32873.63000     1.22250     1.56167     0.00000     0.00000  6157.58610  6157.85983  6157.51006  6158.35153
1 6159.38010  6159.37732  6159.37400    -1.97000 37162.74400     0.78450     0.76694  1105.64600     0.29300  6159.26351  6159.53724  6159.19254  6159.58793
1 6165.36410  6165.36419  6165.36000    -1.55000 33412.71500     1.29400     1.76108     0.00000     0.00000  6165.22723  6165.51756  6165.04475  6165.65028
1 6173.34330  6173.34217  6173.33400    -2.88000 17927.38100     0.00000     0.00000   326.55500     0.24100  6173.21058  6173.48431  6173.09445  6173.81611
1 6180.20840  6180.20936  6180.20300    -2.78000 21999.12900     1.73350     3.28451   388.74000     0.27100  6180.11301  6180.31209  6179.86001  6180.60241
1 6187.99410  6187.99445  6187.98900    -1.72000 31805.06900     0.78300     0.76610  1048.54500     0.24100  6187.83235  6188.18074  6187.67889  6188.24295
1 6191.56800  6191.57042  6191.55800    -1.60000 19621.00500     1.22400     1.52124   350.26100     0.23500  6191.43528  6191.76708  6190.73851  6192.04911
1 6200.32040  6200.32118  6200.31300    -2.43700 21038.98600     0.24000     0.41546   371.72400     0.25200  6200.12132  6200.49874  6199.95128  6200.70611
1 6213.43750  6213.43816  6213.43000    -2.66000 17927.38100     1.99550     4.74256   325.49600     0.24100  6213.22183  6213.63658  6213.15547  6213.70294
1 6219.28860  6219.28941  6219.28100    -2.43300 17726.98700     1.65750     3.03777   322.66400     0.24200  6219.17247  6219.46279  6218.96510  6219.73653
1 6220.78670  6220.78464  6220.78000    -2.46000 31307.24300     1.29050     1.72936  1017.72300     0.24700  6220.67057  6220.91112  6220.62910  6221.00237
1 6226.74030  6226.73910  6226.73400    -2.22000 31322.61100     1.30600     1.70601  1017.74500     0.24700  6226.57855  6226.89376  6226.50389  6226.96012
1 6232.64930  6232.64846  6232.64000    -1.20000 29469.02200     1.35950     1.92361   842.52000     0.24000  6232.50414  6232.83594  6232.21796  6233.03087
1 6240.65160  6240.65169  6240.64600    -3.38000 17927.38100     3.00200     9.77103   324.79100     0.24100  6240.52303  6240.82165  6240.46911  6240.88801
1 6246.32710  6246.32789  6246.31800    -0.96000 29056.32200     1.58250     2.63196   818.30000     0.24700  6246.04507  6246.68793  6245.81281  6246.97825
1 6252.56420  6252.56732  6252.55500    -1.68700 19390.16700     1.46050     2.19628   345.07400     0.23500  6252.22826  6252.88355  6252.04162  6253.03701
1 6265.14720  6265.14150  6265.13200    -2.55000 17550.18000     1.57900     2.66733   319.19800     0.24200  6264.92324  6265.36702  6264.54996  6265.47485
1 6270.23220  6270.23033  6270.22300    -2.71000 23051.74800     0.00000     0.00000   405.27200     0.26600  6270.14096  6270.42298  6269.76354  6270.51008
1 6271.26320  6271.29681  6271.27800    -2.95000 26874.54800     1.49200     2.73636   718.25000     0.24700  6271.16781  6271.37103  6271.00606  6271.61573
1 6280.62400  6280.62454  6280.61700    -4.38700  6928.26800     1.44900     2.24126   227.42700     0.25500  6280.51617  6280.70280  6280.19681  6281.00971
1 6297.80130  6297.80045  6297.79300    -2.74000 17927.38100     3.00100     9.76201   323.34400     0.24200  6297.62711  6297.93817  6297.54416  6298.24093
1 6301.50910  6301.51023  6301.50000    -0.59000 29469.02200     1.66900     3.08868   832.34500     0.24300  6301.14827  6301.74551  6300.88698  6302.19758
1 6302.50170  6302.50096  6302.49400    -1.16000 29732.73400     0.00000     0.00000   847.73500     0.24000  6302.28188  6302.63027  6302.17820  6303.09894
1 6303.46770  6303.46398  6303.46200    -2.66000 34843.95500     1.43000     2.05176   712.49800     0.27600  6303.32254  6303.55894  6303.22715  6303.62116
1 6311.50500  6311.50393  6311.50000    -3.23000 22838.32100     1.32450     2.08542   399.45800     0.26800  6311.43449  6311.62528  6310.90776  6311.87412
1 6315.81640  6315.81486  6315.81100    -1.71000 32873.63000     1.16350     1.74764     0.00000     0.00000  6315.67124  6315.96986  6315.59658  6316.05281
1 6322.69360  6322.69434  6322.68500    -2.42600 20874.48100     0.81350     0.77402   365.29400     0.24200  6322.57332  6322.88024  6322.42401  6322.99222
1 6330.85190  6330.85144  6330.84800    -1.74000 38175.35200     1.45800     2.13474  1187.39000     0.30300  6330.71918  6331.02195  6330.60305  6331.08416
1 6335.33780  6335.34010  6335.33000    -2.23000 17726.98700     2.14800     4.82907   319.79000     0.24200  6335.18849  6335.55762  6334.89402  6335.83964
1 6336.83280  6336.83305  6336.82300    -1.05000 29732.73400     2.00250     4.71423   842.32300     0.24100  6336.58810  6337.15630  6336.33510  6337.33464
1 6338.88000  6338.87985  6338.87600    -1.06000 38678.03600     0.95300     0.92128     0.00000     0.00000  6338.68922  6338.96710  6338.58138  6339.56433
1 6380.74830  6380.74757  6380.74300    -1.40000 33765.30400     0.67700     0.45833     0.00000     0.00000  6380.56996  6380.86858  6380.49116  6381.00544
1 6385.72060  6385.72002  6385.71800    -1.91000 38175.35200     1.21700     1.74442  1161.33800     0.30000  6385.62936  6385.84088  6385.59203  6385.86576
1 6392.54290  6392.54237  6392.53800    -4.03000 18378.18500     1.48500     2.20537   327.05400     0.24200  6392.43921  6392.65903  6392.38115  6392.70880
1 6393.61130  6393.61378  6393.60000    -1.62000 19621.00500     1.23300     1.54564   344.53100     0.23600  6393.37489  6393.92651  6392.93526  6394.00531
1 6408.02620  6408.02636  6408.01800    -0.97000 29732.73400     2.97900     9.60063   832.08500     0.24400  6407.86860  6408.17966  6407.54924  6408.54049
1 6411.65860  6411.65867  6411.64800    -0.82000 29469.02200     2.16200     4.88810   818.24400     0.24800  6411.34754  6411.96136  6411.23556  6412.11482
1 6419.95590  6419.95584  6419.94900    -0.24000 38175.35200     1.29100     1.69173     0.00000     0.00000  6419.81903  6420.18816  6419.52871  6420.34161
1 6430.85380  6430.85612  6430.84500    -2.00600 17550.18000     1.92100     3.79862   315.31600     0.24200  6430.61739  6431.11094  6430.41417  6431.25610
0    0.00000     0.00000     0.00000     0.00000     0.00000     0.00000     0.00000     0.00000     0.00000     0.00000     0.00000     0.00000     0.00000
1 6475.63180  6475.63154  6475.62400    -2.94000 20641.10900     0.12500     0.75489   357.35300     0.23500  6475.50323  6475.71475  6475.39954  6476.01751
1 6481.87840  6481.87730  6481.87000    -2.98400 18378.18500     1.50050     2.25183   324.90300     0.24200  6481.77471  6482.01112  6481.48439  6482.09407
1 6494.99100  6494.99378  6494.98000    -1.27300 19390.16700     1.35550     1.86385   338.57500     0.23800  6494.77118  6495.23155  6494.24031  6495.46796
1 6496.47380  6496.47258  6496.46600    -0.57000 38678.03600     1.09200     1.23076     0.00000     0.00000  6496.24154  6496.65214  6496.15445  6497.23693
1 6498.94670  6498.94486  6498.93800    -4.69900  7728.05900     1.38150     2.30626   230.54300     0.25600  6498.83472  6499.08357  6498.68956  6499.12504
1 6518.37360  6518.37309  6518.36600    -2.75000 22838.32100     1.67200     2.85614   392.02700     0.26300  6518.21185  6518.49802  6517.77636  6519.07037
1 6574.23250  6574.23251  6574.22700    -5.04000  7985.78400     1.25200     2.26605   231.56500     0.25600  6574.14126  6574.32789  6574.04586  6574.44402
1 6575.02290  6575.02370  6575.01600    -2.82000 20874.48100     0.93200     1.32589   358.16600     0.23500  6574.93995  6575.12244  6574.56253  6575.52889
1 6581.21430  6581.21404  6581.20900    -4.86000 11976.23800     1.30450     1.80118   257.97900     0.24500  6581.14379  6581.30969  6580.56315  6581.38020
1 6591.31750  6591.31504  6591.31300    -2.07000 37045.93200     1.41750     2.02614     0.00000     0.00000  6591.22626  6591.42119  6591.09354  6591.49584
1 6593.87980  6593.88095  6593.87000    -2.42200 19621.00500     1.12800     1.75028   339.40300     0.23800  6593.72634  6594.02496  6593.61851  6594.21160
1 6608.03010  6608.03045  6608.02500    -4.03000 18378.18500     1.52000     2.31079   322.02700     0.24300  6607.93471  6608.15867  6607.88909  6608.22918
1 6609.11890  6609.11816  6609.11000    -2.69200 20641.10900     1.16750     1.54075   353.80200     0.23400  6609.03595  6609.28065  6608.79125  6609.33042
1 6625.02720  6625.02607  6625.02200    -5.35000  8154.71300     0.76750     2.42128   232.23800     0.25600  6624.96084  6625.11844  6624.66222  6625.28849
1 6627.54880  6627.54729  6627.54400    -1.68000 36686.17400     1.86100     3.69026     0.00000     0.00000  6627.43267  6627.70226  6627.36631  6627.80180
1 6633.41550  6633.41552  6633.41200    -1.49000 38995.73300     0.22300     0.26843     0.00000     0.00000  6633.30767  6633.47541  6632.98831  6634.69753
1 6633.75620  6633.75497  6633.74900    -0.78000 36766.96400     1.66250     2.76396   871.53300     0.27300  6633.66035  6633.84606  6632.98339  6634.64284
1 6646.93550  6646.93543  6646.93100    -3.99000 21038.98600     0.53500     0.31899   358.74200     0.23500  6646.84794  6647.06453  6646.78343  6647.12905
0    0.00000     0.00000     0.00000     0.00000     0.00000     0.00000     0.00000     0.00000     0.00000     0.00000     0.00000     0.00000     0.00000
1 6663.45030  6663.45038  6663.45000    -4.07000 43210.02200     0.85250     3.71834     0.00000     0.00000  6663.39039  6663.66228  6662.76827  6663.77288
1 6667.72060  6667.71982  6667.71000    -2.15000 36975.58600     1.19450     1.71277     0.00000     0.00000  6667.61922  6667.84963  6667.58235  6667.88189
1 6677.99580  6677.99721  6677.98500    -1.47000 21715.73100     1.34400     1.82074   368.25100     0.24200  6677.72391  6678.29073  6677.38290  6678.65939
1 6699.14150  6699.14404  6699.14100    -2.19000 37045.93200     1.39000     1.94386     0.00000     0.00000  6699.05394  6699.24749  6698.96178  6699.34887
1 6703.57200  6703.57210  6703.56600    -3.16000 22249.42800     0.92100     1.47442   376.09000     0.24900  6703.47523  6703.73329  6703.18951  6703.81163
1 6704.47940  6704.48469  6704.48000    -2.53000 34017.10100     1.90700     4.15332  1172.82900     0.22600  6704.40106  6704.58539  6704.32272  6704.63608
1 6710.32130  6710.32323  6710.31800    -4.88000 11976.23800     0.96400     1.05545   256.55500     0.24700  6710.21992  6710.42268  6710.09549  6710.63006
1 6712.46700  6712.45287  6712.44000    -2.16000 40231.33300     1.93100     4.09856     0.00000     0.00000  6712.35179  6712.55456  6712.26424  6712.59142
1 6713.74510  6713.74518  6713.74300    -1.60000 38678.03600     1.28850     1.86820     0.00000     0.00000  6713.63911  6713.86492  6713.48704  6713.97091
1 6725.36400  6725.36049  6725.35600    -2.30000 33095.93900     1.39200     2.35949  1059.67000     0.24300  6725.23036  6725.49303  6725.19349  6725.51607
1 6726.67220  6726.67163  6726.66600    -0.95200 37157.56400     2.73000     7.71931   893.03500     0.27700  6726.51552  6726.86114  6726.42335  6726.91644
1 6732.06290  6732.06697  6732.06500    -2.21000 36975.58600     0.94200     1.34463     0.00000     0.00000  6731.97534  6732.18272  6731.87396  6732.24723
1 6733.15670  6733.15445  6733.15000    -1.58000 37409.55200     0.00000     0.00000     0.00000     0.00000  6733.03228  6733.30877  6732.94933  6733.38251
1 6737.98300  6737.98788  6737.98500    -1.75000 36766.96400     1.48150     2.93591     0.00000     0.00000  6737.86318  6738.06595  6737.65120  6738.41618
1 6739.52430  6739.52535  6739.52100    -4.95000 12560.93300     1.16800     1.51888   260.70900     0.24500  6739.41831  6739.63490  6739.36301  6739.70402
1 6745.10490  6745.10458  6745.10000    -2.16000 36940.58800     0.81100     0.88582     0.00000     0.00000  6744.99891  6745.21089  6744.95283  6745.25237
1 6745.96260  6745.96205  6745.95600    -2.77000 32873.63000     0.43150     0.60203     0.00000     0.00000  6745.85200  6746.07320  6745.80592  6746.11007
1 6746.95080  6746.95977  6746.95400    -4.35000 21038.98600     0.49900     0.54486   356.20500     0.23400  6746.86324  6747.04297  6746.80794  6747.07983
1 6750.15970  6750.16043  6750.15200    -2.62100 19552.47700     1.49800     2.24402   334.77800     0.24100  6749.94311  6750.35786  6749.89703  6750.39933
1 6752.71070  6752.71119  6752.70700    -1.36000 37409.55200     1.94800     4.71545     0.00000     0.00000  6752.60471  6752.83512  6752.24526  6752.97337
1 6786.86320  6786.86376  6786.85900    -2.07000 33801.57000     1.88300     3.84678  1114.45100     0.22900  6786.71573  6787.00145  6786.65583  6787.04292
1 6793.26560  6793.26094  6793.25800    -2.47000 32873.63000     1.20450     1.58889     0.00000     0.00000  6793.14578  6793.38081  6793.03058  6793.41767
1 6806.84910  6806.84930  6806.84300    -3.21000 21999.12900     1.14850     1.68980   369.28800     0.24100  6806.72928  6807.01039  6806.48965  6807.18551
1 6810.26690  6810.26664  6810.26200    -1.12000 37157.56400     2.00800     4.09123   868.25100     0.27400  6810.12404  6810.45584  6809.88441  6810.54340
1 6820.37300  6820.37374  6820.37100    -1.32000 37409.55200     2.84350     8.43536   897.35900     0.27900  6820.21171  6820.55272  6820.06885  6820.66793
1 6828.59760  6828.59695  6828.59200    -0.92000 37409.55200     2.96800     9.46049     0.00000     0.00000  6828.46396  6828.81880  6827.69437  6828.98931
1 6837.00910  6837.00791  6837.00600    -1.81000 37045.93200     1.15850     1.66864     0.00000     0.00000  6836.89850  6837.14735  6836.43306  6837.23491
0    0.00000     0.00000     0.00000     0.00000     0.00000     0.00000     0.00000     0.00000     0.00000     0.00000     0.00000     0.00000     0.00000
1 6841.34500  6841.34491  6841.33900    -0.75000 37157.56400     2.18000     4.98907     0.00000     0.00000  6841.27588  6841.51551  6840.69523  6841.71827
1 6842.69030  6842.68984  6842.68500    -1.32000 37409.55200     2.46700     6.08976   890.81200     0.27800  6842.59813  6842.86542  6842.25712  6842.94376
1 6843.66060  6843.66074  6843.65500    -0.93000 36686.17400     1.49350     2.26730  1454.70900     0.27800  6843.45323  6843.89101  6843.35645  6844.06152
1 6855.16840  6855.16850  6855.16100    -0.74100 36766.96400     1.92200     3.80762  1468.65100     0.27900  6855.07623  6855.41725  6854.67992  6855.48637
1 6857.24610  6857.25204  6857.24900    -2.15000 32873.63000     1.14450     1.86681     0.00000     0.00000  6857.10324  6857.41200  6856.97882  6857.47191
1 6858.15400  6858.15377  6858.14800    -1.06000 37162.74400     1.16400     1.35794     0.00000     0.00000  6858.02958  6858.33833  6857.69778  6858.49501