353
1 10019.79500 10019.78944 10019.79400    -1.56000 44183.62500     1.92400     4.00754     0.00000     0.00000 10019.64753 10019.92403 10019.40790 10020.25583 
1     0.00000     0.00000     0.00000     0.00000     0.00000     0.00000     0.00000     0.00000     0.00000     0.00000     0.00000     0.00000     0.00000 
1 10032.85900 10032.85512 10032.86000    -1.85900 44411.15700     1.33050     1.77095     0.00000     0.00000 10032.72997 10032.99725 10032.57329 10033.18158 
1     0.00000     0.00000     0.00000     0.00000     0.00000     0.00000     0.00000     0.00000     0.00000     0.00000     0.00000     0.00000     0.00000 
1 10065.05300 10065.04475 10065.04500    -0.39200 38995.73300     0.40850     0.18829  1137.79900     0.20100 10064.67512 10065.36636 10064.37097 10065.67973 
1 10070.52100 10070.51391 10070.52100    -1.72400 44458.93100     0.00000     0.00000  1190.75500     0.31200 10070.40118 10070.66847 10070.22607 10070.76063 
1     0.00000     0.00000     0.00000     0.00000     0.00000     0.00000     0.00000     0.00000     0.00000     0.00000     0.00000     0.00000     0.00000 
1     0.00000     0.00000     0.00000     0.00000     0.00000     0.00000     0.00000     0.00000     0.00000     0.00000     0.00000     0.00000     0.00000 
1     0.00000     0.00000     0.00000     0.00000     0.00000     0.00000     0.00000     0.00000     0.00000     0.00000     0.00000     0.00000     0.00000 
1     0.00000     0.00000     0.00000     0.00000     0.00000     0.00000     0.00000     0.00000     0.00000     0.00000     0.00000     0.00000     0.00000 
1 10137.09800 10137.09224 10137.10000    -1.75100 41018.04800     1.99400     4.30671     0.00000     0.00000 10136.95975 10137.26390 10136.78464 10137.44823 
1     0.00000     0.00000     0.00000     0.00000     0.00000     0.00000     0.00000     0.00000     0.00000     0.00000     0.00000     0.00000     0.00000 
1 10155.16300 10155.15923 10155.16300    -4.11900 17550.18000     1.45800     3.12084   279.77000     0.25300 10155.01553 10155.32890 10154.72060 10155.54088 
1 10167.47000 10167.46325 10167.46900    -3.92600 17726.98700     1.41200     3.82485   281.36100     0.25300 10167.31332 10167.65433 10167.19350 10167.86631 
1 10195.10900 10195.10274 10195.10600    -3.70800 21999.12900     1.13850     1.30078   321.95700     0.25300 10194.92467 10195.25647 10194.61130 10195.68043 
1 10216.32100 10216.31590 10216.31300    -0.16600 38175.35200     1.37800     1.90374  1029.13200     0.22000 10215.83252 10216.80948 10215.20579 10217.29796 
1 10218.41000 10218.40490 10218.40800    -2.76000 24772.01600     0.00000     0.00000   357.14800     0.24200 10218.24410 10218.63120 10217.93074 10218.75101 
1 10230.77800 10230.77281 10230.78200    -3.92700 47377.95200     1.77600     3.27299     0.00000     0.00000 10230.53837 10231.01763 10230.14206 10231.21118 
1 10252.55300 10252.54639 10252.55300    -1.54500 47005.50300     1.70850     3.03469     0.00000     0.00000 10252.38710 10252.73733 10252.13825 10252.88480 
1 10265.21900 10265.21191 10265.21800    -4.38500 17927.38100     1.24350     6.27513   282.75300     0.25300 10265.10840 10265.32960 10264.92407 10265.43098 
1     0.00000     0.00000     0.00000     0.00000     0.00000     0.00000     0.00000     0.00000     0.00000     0.00000     0.00000     0.00000     0.00000 
1     0.00000     0.00000     0.00000     0.00000     0.00000     0.00000     0.00000     0.00000     0.00000     0.00000     0.00000     0.00000     0.00000 
1 10327.34300 10327.33628 10327.32300    -2.33200 44677.00300     0.33700     0.92790     0.00000     0.00000 10326.95590 10327.78540 10326.71627 10328.03424 
1 10332.32900 10332.32418 10332.32800    -2.88200 29320.02400     0.49900     0.24911   437.31100     0.23400 10332.17232 10332.49490 10332.02485 10332.56863 
1 10340.88800 10340.88241 10340.88600    -3.36200 17726.98700     2.39000     6.36190   280.56300     0.25400 10340.72210 10341.09998 10340.52855 10341.23823 
1 10347.96500 10347.95930 10347.96600    -0.65700 43499.50200     1.77950     3.21621     0.00000     0.00000 10347.78988 10348.22306 10347.18159 10348.52721 
1     0.00000     0.00000     0.00000     0.00000     0.00000     0.00000     0.00000     0.00000     0.00000     0.00000     0.00000     0.00000     0.00000 
1 10353.80800 10353.80118 10353.80500    -0.94700 43499.50200     1.46350     2.17351   986.55000     0.30300 10353.62367 10354.01076 10353.38404 10354.17666 
1 10362.70300 10362.69571 10362.70500    -2.64900 44183.62500     1.95600     4.18379  1082.74400     0.30700 10362.56475 10362.84125 10362.44494 10362.94263 
1 10364.06100 10364.05408 10364.06300    -1.06100 43922.66500     1.37100     1.88569     0.00000     0.00000 10363.88588 10364.20847 10363.72920 10364.34671 
1 10388.74100 10388.73650 10388.74600    -1.21300 43922.66500     1.40650     2.10590  1038.91800     0.30500 10388.60275 10388.91612 10388.43685 10389.02671 
1 10395.80200 10395.79322 10395.79600    -3.20800 17550.18000     2.13250     4.91026   278.62700     0.25400 10395.59002 10395.99555 10395.45177 10396.04163 
1 10423.03300 10423.02589 10423.02900    -3.78000 21715.73100     1.35600     1.85559   316.89100     0.25200 10422.86710 10423.23576 10422.69199 10423.31871 
1 10423.74600 10423.73909 10423.74300    -2.88500 24772.01600     1.48100     2.19404   355.35500     0.24300 10423.58010 10423.92112 10423.41420 10424.07780 
1 10455.45600 10455.44946 10455.40400    -1.00400 43499.50200     1.72600     3.06121   973.49600     0.30300 10454.95830 10455.76936 10454.41453 10456.31314 
1 10469.66400 10469.65523 10469.65300    -1.32500 31322.61100     1.63900     2.73688     0.00000     0.00000 10469.44280 10469.96815 10468.97276 10470.17091 
1 10532.24000 10532.23420 10532.23500    -1.64100 31686.34900     1.66750     2.86372     0.00000     0.00000 10532.00959 10532.51650 10531.85290 10532.66396 
1     0.00000     0.00000     0.00000     0.00000     0.00000     0.00000     0.00000     0.00000     0.00000     0.00000     0.00000     0.00000     0.00000 
1 10577.14300 10577.13594 10577.13900    -3.27700 26627.60700     0.76100     0.58062   382.69200     0.24100 10576.98632 10577.31812 10576.94945 10577.44715 
1 10611.68200 10611.67395 10611.68700    -1.00700 49758.13900     1.71700     3.01030     0.00000     0.00000 10611.35020 10612.01380 10611.23039 10612.27186 
1 10616.72200 10616.71634 10616.72100    -3.27500 26351.03800     1.23600     1.55544   377.67800     0.24200 10616.56532 10616.88790 10616.41785 10616.99850 
1 10683.09500 10683.08909 10683.10400    -4.06300 29320.02400     0.18200     0.34611   432.45300     0.23400 10682.48671 10683.66643 10681.64800 10684.12726 
1     0.00000     0.00000     0.00000     0.00000     0.00000     0.00000     0.00000     0.00000     0.00000     0.00000     0.00000     0.00000     0.00000 
1 10725.18700 10725.18018 10725.18600    -2.69300 29356.74200     1.15550     1.33540   432.68400     0.23400 10725.04184 10725.38055 10724.80682 10725.48424 
1 10753.00900 10753.00264 10753.00500    -2.01600 31937.32300     0.00000     0.00000     0.00000     0.00000 10752.81545 10753.23020 10752.70485 10753.38688 
1     0.00000     0.00000     0.00000     0.00000     0.00000     0.00000     0.00000     0.00000     0.00000     0.00000     0.00000     0.00000     0.00000 
1 10783.05300 10783.04585 10783.05000    -2.57100 25091.59700     0.00000     0.00000   356.89600     0.24300 10782.85024 10783.23733 10782.68434 10783.37558 
1 10818.27900 10818.27182 10818.27600    -2.10800 31937.32300     1.00700     1.74616     0.00000     0.00000 10818.09467 10818.45412 10817.91955 10818.86886 
1     0.00000     0.00000     0.00000     0.00000     0.00000     0.00000     0.00000     0.00000     0.00000     0.00000     0.00000     0.00000     0.00000 
1     0.00000     0.00000     0.00000     0.00000     0.00000     0.00000     0.00000     0.00000     0.00000     0.00000     0.00000     0.00000     0.00000 
1 10884.26400 10884.26001 10884.26400    -2.06600 31686.34900     1.32400     2.02067     0.00000     0.00000 10884.07967 10884.46676 10883.90455 10886.20870 
1 10896.30300 10896.29644 10896.29900    -2.67900 24772.01600     1.45250     2.11030   351.67900     0.24500 10896.04494 10896.49655 10895.88825 10896.70853 
1     0.00000     0.00000     0.00000     0.00000     0.00000     0.00000     0.00000     0.00000     0.00000     0.00000     0.00000     0.00000     0.00000 
1     0.00000     0.00000     0.00000     0.00000     0.00000     0.00000     0.00000     0.00000     0.00000     0.00000     0.00000     0.00000     0.00000 
1 11388.53800 11388.53490 11388.53900    -0.72400 45333.87200     1.60150     2.67153     0.00000     0.00000 11388.38224 11388.81358 11387.85505 11388.99330 
1     0.00000     0.00000     0.00000     0.00000     0.00000     0.00000     0.00000     0.00000     0.00000     0.00000     0.00000     0.00000     0.00000 
1     0.00000     0.00000     0.00000     0.00000     0.00000     0.00000     0.00000     0.00000     0.00000     0.00000     0.00000     0.00000     0.00000 
1     0.00000     0.00000     0.00000     0.00000     0.00000     0.00000     0.00000     0.00000     0.00000     0.00000     0.00000     0.00000     0.00000 
1     0.00000     0.00000     0.00000     0.00000     0.00000     0.00000     0.00000     0.00000     0.00000     0.00000     0.00000     0.00000     0.00000 
1     0.00000     0.00000     0.00000     0.00000     0.00000     0.00000     0.00000     0.00000     0.00000     0.00000     0.00000     0.00000     0.00000 
1 11607.58500 11607.57903 11607.57400    -2.00900 17726.98700     1.66150     3.03693   274.76300     0.25900 11607.27348 11607.93247 11606.87809 11608.24399 
1     0.00000     0.00000     0.00000     0.00000     0.00000     0.00000     0.00000     0.00000     0.00000     0.00000     0.00000     0.00000     0.00000 
1     0.00000     0.00000     0.00000     0.00000     0.00000     0.00000     0.00000     0.00000     0.00000     0.00000     0.00000     0.00000     0.00000 
1     0.00000     0.00000     0.00000     0.00000     0.00000     0.00000     0.00000     0.00000     0.00000     0.00000     0.00000     0.00000     0.00000 
1     0.00000     0.00000     0.00000     0.00000     0.00000     0.00000     0.00000     0.00000     0.00000     0.00000     0.00000     0.00000     0.00000 
1 11783.28900 11783.27957 11783.26500    -1.57400 22838.32100     1.67500     2.86828   322.68200     0.25600 11782.89361 11783.76826 11782.40236 11785.18209 
1     0.00000     0.00000     0.00000     0.00000     0.00000     0.00000     0.00000     0.00000     0.00000     0.00000     0.00000     0.00000     0.00000 
1     0.00000     0.00000     0.00000     0.00000     0.00000     0.00000     0.00000     0.00000     0.00000     0.00000     0.00000     0.00000     0.00000 
1 11882.85900 11882.85541 11882.84600    -1.66800 17726.98700     2.14000     4.78440   273.49700     0.25900 11882.54794 11883.17006 11880.42812 11884.87513 
1 11884.10200 11884.09240 11884.08400    -2.08300 17927.38100     2.99700     9.72602   275.58900     0.25900 11883.82182 11884.43472 11880.40707 11884.79324 
1 11890.49600 11890.48882 11890.48900    -0.54300 44677.00300     1.73400     3.08749     0.00000     0.00000 11890.21950 11890.73932 11888.16236 11891.83425 
1     0.00000     0.00000     0.00000     0.00000     0.00000     0.00000     0.00000     0.00000     0.00000     0.00000     0.00000     0.00000     0.00000 
1     0.00000     0.00000     0.00000     0.00000     0.00000     0.00000     0.00000     0.00000     0.00000     0.00000     0.00000     0.00000     0.00000 
1 12053.09100 12053.08171 12053.08400    -1.54300 36766.96400     1.58450     2.64524   831.98500     0.22900 12052.88086 12053.35644 12051.07810 12053.76565 
1     0.00000     0.00000     0.00000     0.00000     0.00000     0.00000     0.00000     0.00000     0.00000     0.00000     0.00000     0.00000     0.00000 
1     0.00000     0.00000     0.00000     0.00000     0.00000     0.00000     0.00000     0.00000     0.00000     0.00000     0.00000     0.00000     0.00000 
1     0.00000     0.00000     0.00000     0.00000     0.00000     0.00000     0.00000     0.00000     0.00000     0.00000     0.00000     0.00000     0.00000 
1     0.00000     0.00000     0.00000     0.00000     0.00000     0.00000     0.00000     0.00000     0.00000     0.00000     0.00000     0.00000     0.00000 
1 12213.33900 12213.33098 12213.33600    -1.94000 37409.55200     0.00000     0.00000   866.18400     0.22800 12213.19522 12213.48278 12212.62011 12213.72610 
1     0.00000     0.00000     0.00000     0.00000     0.00000     0.00000     0.00000     0.00000     0.00000     0.00000     0.00000     0.00000     0.00000 
1 12283.27900 12283.26848 12283.29900    -2.95500 49758.13900     1.85100     3.51370     0.00000     0.00000 12283.04674 12283.47808 12282.81448 12283.87624 
1     0.00000     0.00000     0.00000     0.00000     0.00000     0.00000     0.00000     0.00000     0.00000     0.00000     0.00000     0.00000     0.00000 
1 12510.52800 12510.52484 12510.51900    -1.85100 39969.85000     1.82800     3.51654  1047.10500     0.19600 12510.37316 12510.69390 12510.28468 12510.83768 
1 12557.00700 12556.99859 12556.99800    -3.62600 18378.18500     1.50450     2.26355   277.39600     0.26100 12556.77474 12557.26138 12556.52036 12557.46046 
1 12615.93500 12615.92536 12615.92800    -1.61500 37409.55200     3.00150     9.75750   847.96300     0.23900 12615.69168 12616.18938 12615.48154 12616.74237 
1     0.00000     0.00000     0.00000     0.00000     0.00000     0.00000     0.00000     0.00000     0.00000     0.00000     0.00000     0.00000     0.00000 
1     0.00000     0.00000     0.00000     0.00000     0.00000     0.00000     0.00000     0.00000     0.00000     0.00000     0.00000     0.00000     0.00000 
1 12807.16200 12807.15509 12807.15200    -2.48300 29356.74200     1.23400     1.53371   411.92400     0.23800 12806.94080 12807.44956 12806.87444 12807.57122 
1 12808.25200 12808.24787 12808.24300    -1.52000 40231.33300     1.24600     2.26779  1062.44500     0.19500 12808.04186 12808.44002 12807.77642 12808.70546 
1     0.00000     0.00000     0.00000     0.00000     0.00000     0.00000     0.00000     0.00000     0.00000     0.00000     0.00000     0.00000     0.00000 
1 12879.77800 12879.77123 12879.76800    -3.45800 18378.18500     1.51200     2.28622   276.04000     0.26100 12879.54574 12880.03238 12877.97524 12880.49689 
1     0.00000     0.00000     0.00000     0.00000     0.00000     0.00000     0.00000     0.00000     0.00000     0.00000     0.00000     0.00000     0.00000 
1     0.00000     0.00000     0.00000     0.00000     0.00000     0.00000     0.00000     0.00000     0.00000     0.00000     0.00000     0.00000     0.00000 
1 12933.01300 12933.00425 12933.00600    -1.68900 40491.28100     0.00000     0.00000  1086.88800     0.19500 12932.80286 12933.23420 12932.63696 12933.34480 
1     0.00000     0.00000     0.00000     0.00000     0.00000     0.00000     0.00000     0.00000     0.00000     0.00000     0.00000     0.00000     0.00000 
1     0.00000     0.00000     0.00000     0.00000     0.00000     0.00000     0.00000     0.00000     0.00000     0.00000     0.00000     0.00000     0.00000 
1 13014.84600 13014.83879 13014.84100    -1.67500 43922.66500     1.39150     2.12051     0.00000     0.00000 13014.66904 13015.04508 13014.48102 13015.22204 
1     0.00000     0.00000     0.00000     0.00000     0.00000     0.00000     0.00000     0.00000     0.00000     0.00000     0.00000     0.00000     0.00000 
1     0.00000     0.00000     0.00000     0.00000     0.00000     0.00000     0.00000     0.00000     0.00000     0.00000     0.00000     0.00000     0.00000 
1 13147.92900 13147.92455 13147.92000    -0.88300 43499.50200     1.70800     2.98725     0.00000     0.00000 13147.60826 13148.26080 13147.46448 13148.45988 
1     0.00000     0.00000     0.00000     0.00000     0.00000     0.00000     0.00000     0.00000     0.00000     0.00000     0.00000     0.00000     0.00000 
1 13352.17700 13352.17154 13352.17300    -0.74600 42815.85200     1.48900     2.22327   966.29800     0.22500 13351.85626 13352.58622 13351.43599 13352.79635 
1 13392.11000 13392.09942 13392.10200    -0.25000 43163.32300     2.16250     4.83094   995.93000     0.22600 13391.72290 13392.57452 13391.47959 13393.08327 
1     0.00000     0.00000     0.00000     0.00000     0.00000     0.00000     0.00000     0.00000     0.00000     0.00000     0.00000     0.00000     0.00000 
1     0.00000     0.00000     0.00000     0.00000     0.00000     0.00000     0.00000     0.00000     0.00000     0.00000     0.00000     0.00000     0.00000 
1     0.00000     0.00000     0.00000     0.00000     0.00000     0.00000     0.00000     0.00000     0.00000     0.00000     0.00000     0.00000     0.00000 
1 14982.81900 14982.80849 14982.80300    -1.40500 50475.28500     2.20900     5.46375  1617.48400     0.32600 14982.55356 14983.07338 14982.35448 14983.26140 
1     0.00000     0.00000     0.00000     0.00000     0.00000     0.00000     0.00000     0.00000     0.00000     0.00000     0.00000     0.00000     0.00000 
1 15017.71600 15017.70481 15017.70200     0.33600 50185.74000     2.06600     4.48042  1866.83000     0.28900 15017.30678 15018.11416 15016.83121 15018.87729 
1     0.00000     0.00000     0.00000     0.00000     0.00000     0.00000     0.00000     0.00000     0.00000     0.00000     0.00000     0.00000     0.00000 
1     0.00000     0.00000     0.00000     0.00000     0.00000     0.00000     0.00000     0.00000     0.00000     0.00000     0.00000     0.00000     0.00000 
1 15077.29600 15077.28676 15077.28900    -4.29800 17550.18000     1.78700     3.53011   258.16500     0.26300 15076.97250 15077.51996 15075.84393 15079.90890 
1     0.00000     0.00000     0.00000     0.00000     0.00000     0.00000     0.00000     0.00000     0.00000     0.00000     0.00000     0.00000     0.00000 
1 15122.39200 15122.38112 15122.38000    -0.33800 45333.87200     1.65850     3.01661     0.00000     0.00000 15121.92564 15122.68877 15121.50168 15123.22933 
1 15176.72000 15176.70988 15176.71500    -0.81300 47755.53400     1.16200     1.35298     0.00000     0.00000 15176.39143 15177.05917 15175.99926 15177.28175 
1     0.00000     0.00000     0.00000     0.00000     0.00000     0.00000     0.00000     0.00000     0.00000     0.00000     0.00000     0.00000     0.00000 
1 15194.49900 15194.48993 15194.49200    -4.83800 17927.38100     2.58200     6.68739   261.45800     0.26300 15194.27642 15194.73218 15193.91605 15194.94416 
1     0.00000     0.00000     0.00000     0.00000     0.00000     0.00000     0.00000     0.00000     0.00000     0.00000     0.00000     0.00000     0.00000 
1 15207.54500 15207.53065 15207.52600     0.23100 43434.62400     2.20100     4.94386   960.01200     0.22600 15206.65468 15208.26574 15206.06113 15208.90168 
1     0.00000     0.00000     0.00000     0.00000     0.00000     0.00000     0.00000     0.00000     0.00000     0.00000     0.00000     0.00000     0.00000 
1 15219.63700 15219.62270 15219.61800    -0.82500 45061.32600     1.41000     1.99290     0.00000     0.00000 15219.14944 15220.06096 15218.53470 15221.24806 
1 15224.74100 15224.72713 15224.73100    -0.43500 48036.67000     1.44700     2.16312     0.00000     0.00000 15224.47602 15225.03777 15223.59630 15225.83271 
1     0.00000     0.00000     0.00000     0.00000     0.00000     0.00000     0.00000     0.00000     0.00000     0.00000     0.00000     0.00000     0.00000 
1 15244.98800 15244.97626 15244.97400    -0.27700 45061.32600     1.39300     2.24462     0.00000     0.00000 15244.42625 15245.36957 15243.92809 15246.91703 
1     0.00000     0.00000     0.00000     0.00000     0.00000     0.00000     0.00000     0.00000     0.00000     0.00000     0.00000     0.00000     0.00000 
1     0.00000     0.00000     0.00000     0.00000     0.00000     0.00000     0.00000     0.00000     0.00000     0.00000     0.00000     0.00000     0.00000 
1 15301.56200 15301.55357 15301.56000    -0.60200 47755.53400     1.31950     1.90144     0.00000     0.00000 15301.18043 15301.91177 15300.45970 15302.75970 
1     0.00000     0.00000     0.00000     0.00000     0.00000     0.00000     0.00000     0.00000     0.00000     0.00000     0.00000     0.00000     0.00000 
1     0.00000     0.00000     0.00000     0.00000     0.00000     0.00000     0.00000     0.00000     0.00000     0.00000     0.00000     0.00000     0.00000 
1     0.00000     0.00000     0.00000     0.00000     0.00000     0.00000     0.00000     0.00000     0.00000     0.00000     0.00000     0.00000     0.00000 
1     0.00000     0.00000     0.00000     0.00000     0.00000     0.00000     0.00000     0.00000     0.00000     0.00000     0.00000     0.00000     0.00000 
1     0.00000     0.00000     0.00000     0.00000     0.00000     0.00000     0.00000     0.00000     0.00000     0.00000     0.00000     0.00000     0.00000 
1     0.00000     0.00000     0.00000     0.00000     0.00000     0.00000     0.00000     0.00000     0.00000     0.00000     0.00000     0.00000     0.00000 
1 15485.45300 15485.44500 15485.45600    -1.00000 50628.36900     1.75850     3.32003     0.00000     0.00000 15485.15623 15485.65438 15484.88065 15486.04655 
1 15499.40800 15499.39837 15499.37900    -3.35800 51192.27000     0.23200     1.20476  1872.39900     0.31600 15499.09003 15499.71537 15498.50708 15499.99095 
1     0.00000     0.00000     0.00000     0.00000     0.00000     0.00000     0.00000     0.00000     0.00000     0.00000     0.00000     0.00000     0.00000 
1 15524.32600 15524.31740 15524.31100    -1.27600 46720.83900     2.00600     4.28937     0.00000     0.00000 15524.06102 15524.67577 15523.58406 15524.95135 
1     0.00000     0.00000     0.00000     0.00000     0.00000     0.00000     0.00000     0.00000     0.00000     0.00000     0.00000     0.00000     0.00000 
1 15531.76900 15531.75594 15531.75200    -0.35700 45509.14900     0.80350     2.17714     0.00000     0.00000 15531.28144 15532.13997 15530.35932 15532.92430 
1 15531.76900 15531.75594 15531.80500    -0.66100 50342.12600     2.08400     4.81350  1435.47400     0.33000 15531.28144 15532.11877 15530.26393 15532.94550 
1 15534.25700 15534.24406 15534.24500    -0.58500 45509.14900     1.37000     1.94261     0.00000     0.00000 15533.68465 15534.56437 15533.10170 15535.40170 
1 15542.08900 15542.07611 15542.07900    -0.45700 45509.14900     0.00000     0.00000     0.00000     0.00000 15541.54845 15542.57656 15541.17748 15543.20190 
1     0.00000     0.00000     0.00000     0.00000     0.00000     0.00000     0.00000     0.00000     0.00000     0.00000     0.00000     0.00000     0.00000 
1 15566.74900 15566.73627 15566.72700    -0.77400 51219.01200     1.31950     1.74216  1870.15600     0.31600 15566.42043 15567.08817 15565.98587 15567.31075 
1     0.00000     0.00000     0.00000     0.00000     0.00000     0.00000     0.00000     0.00000     0.00000     0.00000     0.00000     0.00000     0.00000 
1     0.00000     0.00000     0.00000     0.00000     0.00000     0.00000     0.00000     0.00000     0.00000     0.00000     0.00000     0.00000     0.00000 
1 15588.26400 15588.24913 15588.26200     0.32300 51350.48900     1.48950     2.21885     0.00000     0.00000 15587.80824 15588.82575 15586.67414 15589.38750 
1     0.00000     0.00000     0.00000     0.00000     0.00000     0.00000     0.00000     0.00000     0.00000     0.00000     0.00000     0.00000     0.00000 
1 15593.74300 15593.72963 15593.75000    -2.03500 40594.42900     1.14200     1.35606   997.04500     0.24000 15593.38263 15593.99369 15593.03793 15595.16881 
1     0.00000     0.00000     0.00000     0.00000     0.00000     0.00000     0.00000     0.00000     0.00000     0.00000     0.00000     0.00000     0.00000 
1 15604.24000 15604.22594 15604.22300     0.00500 50342.12600     1.46150     2.20340  1420.78500     0.33100 15603.49806 15604.92894 15602.35336 15606.43401 
1 15611.15100 15611.13981 15611.14600    -3.82200 27543.00100     0.47900     0.57217   367.26200     0.25100 15610.71644 15611.55376 15610.17588 15612.16851 
1 15621.67900 15621.66276 15621.65400     0.46800 44677.00300     1.49400     2.23453  1062.24100     0.22300 15620.72508 15622.69651 15619.56978 15623.61863 
1 15648.51800 15648.50411 15648.51000    -0.65200 43763.97700     2.97300     8.84125   974.41800     0.22900 15648.12583 15648.96316 15647.79726 15649.36593 
1 15652.88900 15652.87492 15652.87400    -0.05000 50377.90500     1.60600     2.58538     0.00000     0.00000 15652.35905 15653.47195 15652.15766 15653.91711 
1 15662.03100 15662.01750 15662.01600    -0.85800 47005.50300     0.49100     0.81768     0.00000     0.00000 15661.43745 15662.75174 15660.93929 15663.09091 
1 15671.02300 15671.01348 15671.00600    -0.79800 51048.10400     2.07600     4.49728     0.00000     0.00000 15670.74742 15671.34097 15669.64512 15672.31609 
1 15723.60900 15723.59176 15723.58600    -0.48500 45333.87200     1.35600     1.88195     0.00000     0.00000 15723.16384 15724.18135 15721.52098 15724.58780 
1     0.00000     0.00000     0.00000     0.00000     0.00000     0.00000     0.00000     0.00000     0.00000     0.00000     0.00000     0.00000     0.00000 
1     0.00000     0.00000     0.00000     0.00000     0.00000     0.00000     0.00000     0.00000     0.00000     0.00000     0.00000     0.00000     0.00000 
1 15733.51500 15733.51193 15733.51200    -3.50200 50423.13400     1.98400     4.06880     0.00000     0.00000 15733.31454 15733.72237 15733.21776 15733.90901 
1     0.00000     0.00000     0.00000     0.00000     0.00000     0.00000     0.00000     0.00000     0.00000     0.00000     0.00000     0.00000     0.00000 
1 15789.01800 15789.00601 15788.99800    -0.09200 50423.13400     1.44400     2.27624     0.00000     0.00000 15788.67238 15789.37745 15788.14703 15789.93044 
1 15821.72100 15821.70969 15821.71200    -0.85200 45509.14900     1.48250     2.20159     0.00000     0.00000 15821.38367 15822.00303 15821.14035 15822.12469 
1     0.00000     0.00000     0.00000     0.00000     0.00000     0.00000     0.00000     0.00000     0.00000     0.00000     0.00000     0.00000     0.00000 
1 15837.66000 15837.64776 15837.64600    -0.17100 50833.43500     1.45900     2.25352  1602.14900     0.32500 15837.25263 15838.22406 15836.53189 15839.03880 
1 15840.21100 15840.20093 15840.19300    -1.83900 51331.04900     0.84300     0.73485  1864.16700     0.31600 15839.74095 15840.54003 15839.00455 15842.10685 
1     0.00000     0.00000     0.00000     0.00000     0.00000     0.00000     0.00000     0.00000     0.00000     0.00000     0.00000     0.00000     0.00000 
1     0.00000     0.00000     0.00000     0.00000     0.00000     0.00000     0.00000     0.00000     0.00000     0.00000     0.00000     0.00000     0.00000 
1     0.00000     0.00000     0.00000     0.00000     0.00000     0.00000     0.00000     0.00000     0.00000     0.00000     0.00000     0.00000     0.00000 
1     0.00000     0.00000     0.00000     0.00000     0.00000     0.00000     0.00000     0.00000     0.00000     0.00000     0.00000     0.00000     0.00000 
1 15901.52600 15901.51336 15901.52100    -0.44700 47755.53400     0.74400     0.67457     0.00000     0.00000 15901.10296 15901.91771 15900.85227 15902.59144 
1     0.00000     0.00000     0.00000     0.00000     0.00000     0.00000     0.00000     0.00000     0.00000     0.00000     0.00000     0.00000     0.00000 
1 15906.06000 15906.04349 15906.04400     0.28900 45333.87200     1.72800     3.08723     0.00000     0.00000 15905.60562 15906.71806 15902.95770 15908.09687 
1     0.00000     0.00000     0.00000     0.00000     0.00000     0.00000     0.00000     0.00000     0.00000     0.00000     0.00000     0.00000     0.00000 
1 15912.58100 15912.58461 15912.59400    -0.41600 51460.51500     0.93950     1.03719  1913.27600     0.31300 15912.32294 15913.04552 15909.89713 15915.12294 
1 15928.17600 15928.16310 15928.16100    -0.61700 47960.93700     1.23550     1.63395     0.00000     0.00000 15927.77600 15928.61471 15927.32439 15928.84697 
1 15929.49300 15929.48455 15929.47500    -0.91600 50880.09900     0.00000     0.00000     0.00000     0.00000 15929.13171 15930.11235 15928.80913 15930.40913 
1 15934.03500 15934.02472 15934.02000    -0.96500 50880.09900     1.76150     3.13258     0.00000     0.00000 15933.62210 15934.43500 15932.91242 15934.89952 
1 15941.85400 15941.84155 15941.85100     0.16400 51294.21700     1.30850     1.74281     0.00000     0.00000 15941.56368 15942.20884 15940.24110 15942.95077 
1     0.00000     0.00000     0.00000     0.00000     0.00000     0.00000     0.00000     0.00000     0.00000     0.00000     0.00000     0.00000     0.00000 
1     0.00000     0.00000     0.00000     0.00000     0.00000     0.00000     0.00000     0.00000     0.00000     0.00000     0.00000     0.00000     0.00000 
1     0.00000     0.00000     0.00000     0.00000     0.00000     0.00000     0.00000     0.00000     0.00000     0.00000     0.00000     0.00000     0.00000 
1 15964.87800 15964.86344 15964.86700    -0.07500 47755.53400     1.32450     1.76735     0.00000     0.00000 15964.40058 15965.32132 15963.82086 15966.25911 
1 15971.25400 15971.23819 15971.25100    -0.19800 51739.91700     1.18700     1.45125     0.00000     0.00000 15971.03234 15971.61206 15969.66829 15972.00423 
1     0.00000     0.00000     0.00000     0.00000     0.00000     0.00000     0.00000     0.00000     0.00000     0.00000     0.00000     0.00000     0.00000 
1     0.00000     0.00000     0.00000     0.00000     0.00000     0.00000     0.00000     0.00000     0.00000     0.00000     0.00000     0.00000     0.00000 
1 15997.73600 15997.72087 15997.72900    -2.21200 47755.53400     1.44700     3.11779     0.00000     0.00000 15997.49729 15998.16227 15995.09314 16000.73692 
1     0.00000     0.00000     0.00000     0.00000     0.00000     0.00000     0.00000     0.00000     0.00000     0.00000     0.00000     0.00000     0.00000 
1     0.00000     0.00000     0.00000     0.00000     0.00000     0.00000     0.00000     0.00000     0.00000     0.00000     0.00000     0.00000     0.00000 
1 16029.42500 16029.42298 16029.42500    -2.00000 51192.27000     2.38300     6.55882  1758.64100     0.32100 16029.22039 16029.83422 16026.06601 16030.05588 
1     0.00000     0.00000     0.00000     0.00000     0.00000     0.00000     0.00000     0.00000     0.00000     0.00000     0.00000     0.00000     0.00000 
1     0.00000     0.00000     0.00000     0.00000     0.00000     0.00000     0.00000     0.00000     0.00000     0.00000     0.00000     0.00000     0.00000 
1 16051.75700 16051.74543 16051.73600    -1.09500 50522.94100     1.42100     2.02274  1416.05300     0.32900 16051.52981 16052.06437 16049.59202 16052.35838 
1 16070.21600 16070.20595 16070.18300    -0.56400 48036.67000     0.80250     1.03486     0.00000     0.00000 16070.01554 16070.46992 16067.56992 16070.83075 
1     0.00000     0.00000     0.00000     0.00000     0.00000     0.00000     0.00000     0.00000     0.00000     0.00000     0.00000     0.00000     0.00000 
1 16075.93000 16075.91628 16075.91900    -1.95700 51219.01200     1.17700     1.40814  1761.90600     0.32100 16075.34198 16076.39774 16074.94106 16078.74982 
1 16088.75400 16088.73202 16088.73300    -1.40900 51219.01200     1.32850     1.79229  1758.90400     0.32100 16088.33971 16089.12543 16087.99686 16090.11114 
1     0.00000     0.00000     0.00000     0.00000     0.00000     0.00000     0.00000     0.00000     0.00000     0.00000     0.00000     0.00000     0.00000 
1 16102.41300 16102.39728 16102.39500    -2.28900 51219.01200     1.35800     1.84621  1755.69300     0.32100 16102.02729 16103.27014 16099.37014 16103.95401 
1     0.00000     0.00000     0.00000     0.00000     0.00000     0.00000     0.00000     0.00000     0.00000     0.00000     0.00000     0.00000     0.00000 
1 16174.99600 16174.98517 16174.97800    -0.25700 51460.51500     1.19450     1.43091  1857.51500     0.31500 16174.55821 16175.51259 16174.35683 16176.05545 
1 16178.01600 16178.00483 16177.99400    -1.01100 51461.66700     1.31600     1.79117     0.00000     0.00000 16177.74457 16178.16485 16177.49941 16178.78651 
1 16180.92900 16180.91578 16180.90300    -0.17800 50611.25800     2.54100     6.82134  1431.25300     0.32900 16180.51748 16181.33176 16180.30734 16181.84835 
1 16195.07800 16195.06697 16195.06300    -0.04800 51570.09400     2.62950     7.75325  1913.04000     0.31200 16194.78030 16195.62961 16194.12362 16195.90104 
1 16198.51000 16198.49347 16198.50300    -0.58900 43633.53000     2.27600     5.32275   954.36800     0.23000 16198.08972 16198.91276 16197.87083 16199.67452 
1 16207.76800 16207.75168 16207.74700    -0.04100 50979.57600     1.16800     1.37157  1594.88800     0.32500 16207.08505 16208.45971 16206.31454 16209.01132 
1     0.00000     0.00000     0.00000     0.00000     0.00000     0.00000     0.00000     0.00000     0.00000     0.00000     0.00000     0.00000     0.00000 
1 16225.64000 16225.62660 16225.62100    -0.31700 51460.51500     1.29350     1.67723  1847.21800     0.31600 16225.00959 16226.20912 16224.61558 16226.60313 
1     0.00000     0.00000     0.00000     0.00000     0.00000     0.00000     0.00000     0.00000     0.00000     0.00000     0.00000     0.00000     0.00000 
1 16231.67300 16231.65916 16231.64900    -0.04100 51461.66700     1.36500     1.86338     0.00000     0.00000 16230.97254 16232.36471 16230.21079 16232.81125 
1 16235.98000 16235.96726 16235.96900    -0.30200 47755.53400     1.53200     2.39083     0.00000     0.00000 16235.48968 16236.44406 16235.12194 16237.23207 
1     0.00000     0.00000     0.00000     0.00000     0.00000     0.00000     0.00000     0.00000     0.00000     0.00000     0.00000     0.00000     0.00000 
1 16284.79300 16284.78316 16284.77200    -0.96100 51604.10000     1.08450     1.25498     0.00000     0.00000 16284.42526 16285.37088 16283.85613 16285.89623 
1 16292.85100 16292.83754 16292.84300    -0.18100 47755.53400     1.35600     2.16994     0.00000     0.00000 16292.40446 16293.28003 16291.86160 16293.85791 
1 16316.34700 16316.33547 16316.32300     0.55500 50651.62900     1.61450     2.65085  1424.34000     0.32900 16315.40138 16317.24009 16314.73594 16317.89677 
1     0.00000     0.00000     0.00000     0.00000     0.00000     0.00000     0.00000     0.00000     0.00000     0.00000     0.00000     0.00000     0.00000 
1     0.00000     0.00000     0.00000     0.00000     0.00000     0.00000     0.00000     0.00000     0.00000     0.00000     0.00000     0.00000     0.00000 
1 16324.46300 16324.45511 16324.45200    -0.70900 43434.62400     1.90050     3.64718   938.31200     0.22900 16323.97268 16324.81323 16323.21093 16325.29480 
1     0.00000     0.00000     0.00000     0.00000     0.00000     0.00000     0.00000     0.00000     0.00000     0.00000     0.00000     0.00000     0.00000 
1 16377.41700 16377.40332 16377.39100    -1.04500 51334.90800     1.27700     1.77585  1754.14000     0.32000 16377.11930 16377.63082 16376.89165 16378.27506 
1 16384.15800 16384.14567 16384.14400    -0.88100 51331.04900     0.54300     0.63105  1750.60600     0.32100 16383.82528 16384.54325 16383.39625 16384.66583 
1 16394.40000 16394.38610 16394.39200     0.22300 48036.67000     1.04300     1.09326     0.00000     0.00000 16393.91843 16394.96037 16393.39309 16395.32811 
1     0.00000     0.00000     0.00000     0.00000     0.00000     0.00000     0.00000     0.00000     0.00000     0.00000     0.00000     0.00000     0.00000 
1     0.00000     0.00000     0.00000     0.00000     0.00000     0.00000     0.00000     0.00000     0.00000     0.00000     0.00000     0.00000     0.00000 
1     0.00000     0.00000     0.00000     0.00000     0.00000     0.00000     0.00000     0.00000     0.00000     0.00000     0.00000     0.00000     0.00000 
1 16404.62000 16404.60380 16404.60400    -0.08000 51334.90800     1.54600     2.45501  1748.08000     0.32100 16404.19972 16405.11908 16403.98959 16405.61816 
1     0.00000     0.00000     0.00000     0.00000     0.00000     0.00000     0.00000     0.00000     0.00000     0.00000     0.00000     0.00000     0.00000 
1 16436.63200 16436.62042 16436.62400    -1.41900 47755.53400     1.12800     1.54066     0.00000     0.00000 16436.24675 16437.12232 16435.79145 16437.36748 
1 16440.42100 16440.40860 16440.39700    -0.66700 50698.61700     1.63100     2.66334     0.00000     0.00000 16440.10579 16440.99012 16439.58920 16441.46294 
1 16444.84000 16444.82224 16444.81900     0.57000 47005.50300     1.40350     1.98788     0.00000     0.00000 16444.04323 16445.86442 16443.63171 16446.25843 
1 16466.94400 16466.92742 16466.92400    -0.51400 51570.09400     2.88450     9.87077  1854.24100     0.31400 16466.74492 16467.56566 16465.70944 16467.79331 
1 16474.09400 16474.07923 16474.08000    -0.95900 48531.86200     1.01450     1.22600     0.00000     0.00000 16473.68248 16474.52303 16473.08709 16474.71566 
1 16486.68600 16486.66953 16486.66900     0.70800 47005.50300     1.63850     2.75091     0.00000     0.00000 16485.92425 16487.30766 16485.03992 16488.06941 
1     0.00000     0.00000     0.00000     0.00000     0.00000     0.00000     0.00000     0.00000     0.00000     0.00000     0.00000     0.00000     0.00000 
1 16517.25100 16517.23412 16517.22600     0.05100 50703.86700     1.49500     2.26054  1411.52900     0.32900 16516.61183 16517.92519 16516.29662 16518.52934 
1     0.00000     0.00000     0.00000     0.00000     0.00000     0.00000     0.00000     0.00000     0.00000     0.00000     0.00000     0.00000     0.00000 
1 16524.49400 16524.47713 16524.46900    -0.51600 51103.18800     1.68650     2.97239     0.00000     0.00000 16523.57465 16524.89676 16523.00552 16525.99124 
1 16532.00400 16531.99608 16531.98600    -0.55200 50703.86700     1.36550     1.86637  1408.98500     0.32900 16531.47865 16532.16253 16531.09709 16533.86022 
1 16539.21200 16539.19878 16539.19600    -1.22300 51103.18800     1.32850     1.94665     0.00000     0.00000 16538.96868 16539.49218 16538.37882 16540.23688 
1     0.00000     0.00000     0.00000     0.00000     0.00000     0.00000     0.00000     0.00000     0.00000     0.00000     0.00000     0.00000     0.00000 
1 16552.01800 16552.00442 16551.99700    -0.26900 51705.01100     0.87800     0.78673     0.00000     0.00000 16551.57560 16552.23182 16551.18482 16553.25671 
1 16559.71100 16559.70173 16559.68000    -0.44800 51604.10000     1.33950     1.79660     0.00000     0.00000 16559.40132 16559.99487 16558.69349 16560.30086 
1 16586.05700 16586.04716 16586.05100    -0.84400 45333.87200     1.51500     2.29551  1117.74900     0.22800 16585.81368 16586.37405 16585.21645 16586.61737 
1     0.00000     0.00000     0.00000     0.00000     0.00000     0.00000     0.00000     0.00000     0.00000     0.00000     0.00000     0.00000     0.00000 
1 16612.78600 16612.77347 16612.76400    -0.21100 51604.10000     1.43850     2.10034     0.00000     0.00000 16612.52794 16613.22102 16611.70213 16613.66342 
1     0.00000     0.00000     0.00000     0.00000     0.00000     0.00000     0.00000     0.00000     0.00000     0.00000     0.00000     0.00000     0.00000 
1 16645.88300 16645.86938 16645.87700    -0.05900 48036.67000     0.99050     0.98109     0.00000     0.00000 16645.46272 16646.34014 16644.75489 16647.43139 
1     0.00000     0.00000     0.00000     0.00000     0.00000     0.00000     0.00000     0.00000     0.00000     0.00000     0.00000     0.00000     0.00000 
1 16661.39300 16661.38332 16661.38200    -0.87300 51148.84500     1.78700     3.33161  1585.33400     0.32400 16661.03171 16661.79116 16660.83263 16662.13770 
1 16665.49000 16665.47504 16665.48400    -0.15500 48531.86200     1.57500     2.59014     0.00000     0.00000 16665.04760 16665.91765 16664.45774 16666.15359 
1 16680.80900 16680.79556 16680.83700    -1.07400 51770.55400     1.49200     2.22606     0.00000     0.00000 16680.04955 16681.33250 16679.66614 16682.11407 
1     0.00000     0.00000     0.00000     0.00000     0.00000     0.00000     0.00000     0.00000     0.00000     0.00000     0.00000     0.00000     0.00000 
1 16693.10600 16693.09620 16693.07500    -0.77700 51754.49400    -0.15900     0.11716     0.00000     0.00000 16692.84794 16693.45254 16692.24333 16694.16038 
1     0.00000     0.00000     0.00000     0.00000     0.00000     0.00000     0.00000     0.00000     0.00000     0.00000     0.00000     0.00000     0.00000 
1     0.00000     0.00000     0.00000     0.00000     0.00000     0.00000     0.00000     0.00000     0.00000     0.00000     0.00000     0.00000     0.00000 
1 16753.08800 16753.07484 16753.06800    -0.09900 51461.66700     1.59700     2.63826     0.00000     0.00000 16752.57924 16753.57464 16752.20321 16753.87694 
1     0.00000     0.00000     0.00000     0.00000     0.00000     0.00000     0.00000     0.00000     0.00000     0.00000     0.00000     0.00000     0.00000 
1     0.00000     0.00000     0.00000     0.00000     0.00000     0.00000     0.00000     0.00000     0.00000     0.00000     0.00000     0.00000     0.00000 
1 16794.22500 16794.21454 16794.21000    -2.13300 52953.62500     1.24300     1.54540     0.00000     0.00000 16793.84896 16794.51993 16793.36970 16794.66740 
1 16799.66000 16799.64665 16799.65100    -0.55300 47377.95200     1.36950     1.93334     0.00000     0.00000 16799.07751 16800.14664 16798.72359 16800.67014 
1     0.00000     0.00000     0.00000     0.00000     0.00000     0.00000     0.00000     0.00000     0.00000     0.00000     0.00000     0.00000     0.00000 
1     0.00000     0.00000     0.00000     0.00000     0.00000     0.00000     0.00000     0.00000     0.00000     0.00000     0.00000     0.00000     0.00000 
1     0.00000     0.00000     0.00000     0.00000     0.00000     0.00000     0.00000     0.00000     0.00000     0.00000     0.00000     0.00000     0.00000 
1 16837.81900 16837.85710 16837.88000    -0.97700 51705.01100     0.87100     0.77707     0.00000     0.00000 16837.45771 16838.20978 16837.13329 16838.62269 
1 16843.24300 16843.23333 16843.23100    -0.74300 47377.95200     1.94700     4.35999     0.00000     0.00000 16842.98494 16843.54530 16842.51305 16843.74438 
1     0.00000     0.00000     0.00000     0.00000     0.00000     0.00000     0.00000     0.00000     0.00000     0.00000     0.00000     0.00000     0.00000 
1 16874.14500 16874.12864 16874.11900     0.05900 51228.55000     1.66900     2.90330  1583.06800     0.32400 16873.95329 16874.42518 16873.49615 16874.58002 
1 16890.40600 16890.39846 16890.41500    -1.37600 53352.98500     1.19400     1.42565  3002.13800     0.32200 16890.16268 16891.07697 16889.01245 16891.93964 
1 16898.90400 16898.88906 16898.88600    -3.86100 50861.32400     1.86600     3.49540  1413.55700     0.32800 16898.56667 16899.11967 16898.29571 16899.57865 
1     0.00000     0.00000     0.00000     0.00000     0.00000     0.00000     0.00000     0.00000     0.00000     0.00000     0.00000     0.00000     0.00000 
1     0.00000     0.00000     0.00000     0.00000     0.00000     0.00000     0.00000     0.00000     0.00000     0.00000     0.00000     0.00000     0.00000 
1     0.00000     0.00000     0.00000     0.00000     0.00000     0.00000     0.00000     0.00000     0.00000     0.00000     0.00000     0.00000     0.00000 
1     0.00000     0.00000     0.00000     0.00000     0.00000     0.00000     0.00000     0.00000     0.00000     0.00000     0.00000     0.00000     0.00000 
1     0.00000     0.00000     0.00000     0.00000     0.00000     0.00000     0.00000     0.00000     0.00000     0.00000     0.00000     0.00000     0.00000 
1 17011.10700 17011.08967 17011.09800    -0.22700 47960.93700     0.61800     0.65126     0.00000     0.00000 17010.58165 17011.55493 17010.01760 17011.85354 
1     0.00000     0.00000     0.00000     0.00000     0.00000     0.00000     0.00000     0.00000     0.00000     0.00000     0.00000     0.00000     0.00000 
1     0.00000     0.00000     0.00000     0.00000     0.00000     0.00000     0.00000     0.00000     0.00000     0.00000     0.00000     0.00000     0.00000 
1 17037.79400 17037.78512 17037.79000    -1.19400 51570.09400     2.74200     8.64470  1739.02100     0.32000 17037.60598 17038.08156 17037.09170 17038.35806 
1     0.00000     0.00000     0.00000     0.00000     0.00000     0.00000     0.00000     0.00000     0.00000     0.00000     0.00000     0.00000     0.00000 
1     0.00000     0.00000     0.00000     0.00000     0.00000     0.00000     0.00000     0.00000     0.00000     0.00000     0.00000     0.00000     0.00000 
1     0.00000     0.00000     0.00000     0.00000     0.00000     0.00000     0.00000     0.00000     0.00000     0.00000     0.00000     0.00000     0.00000 
1     0.00000     0.00000     0.00000     0.00000     0.00000     0.00000     0.00000     0.00000     0.00000     0.00000     0.00000     0.00000     0.00000 
1     0.00000     0.00000     0.00000     0.00000     0.00000     0.00000     0.00000     0.00000     0.00000     0.00000     0.00000     0.00000     0.00000 
1     0.00000     0.00000     0.00000     0.00000     0.00000     0.00000     0.00000     0.00000     0.00000     0.00000     0.00000     0.00000     0.00000 
1 17094.46900 17094.47268 17094.43400    -0.95600 53830.97100     1.10200     1.21588     0.00000     0.00000 17094.29204 17094.67914 17093.82200 17095.27637 
1     0.00000     0.00000     0.00000     0.00000     0.00000     0.00000     0.00000     0.00000     0.00000     0.00000     0.00000     0.00000     0.00000 
1     0.00000     0.00000     0.00000     0.00000     0.00000     0.00000     0.00000     0.00000     0.00000     0.00000     0.00000     0.00000     0.00000 
1     0.00000     0.00000     0.00000     0.00000     0.00000     0.00000     0.00000     0.00000     0.00000     0.00000     0.00000     0.00000     0.00000 
1     0.00000     0.00000     0.00000     0.00000     0.00000     0.00000     0.00000     0.00000     0.00000     0.00000     0.00000     0.00000     0.00000 
1 17161.11500 17161.10220 17161.10600    -0.22400 48531.86200     1.07150     1.17710     0.00000     0.00000 17160.84403 17161.59611 17160.07537 17162.06062 
1 17166.20100 17166.19002 17166.20400    -0.09000 47960.93700     0.85550     0.84411     0.00000     0.00000 17165.99086 17166.46644 17165.75307 17166.87565 
1     0.00000     0.00000     0.00000     0.00000     0.00000     0.00000     0.00000     0.00000     0.00000     0.00000     0.00000     0.00000     0.00000 
1     0.00000     0.00000     0.00000     0.00000     0.00000     0.00000     0.00000     0.00000     0.00000     0.00000     0.00000     0.00000     0.00000 
1 17204.30400 17204.29645 17204.30100    -0.24800 48531.86200     1.29100     1.68361     0.00000     0.00000 17203.80630 17204.62474 17203.43580 17205.10584 
1     0.00000     0.00000     0.00000     0.00000     0.00000     0.00000     0.00000     0.00000     0.00000     0.00000     0.00000     0.00000     0.00000 
1     0.00000     0.00000     0.00000     0.00000     0.00000     0.00000     0.00000     0.00000     0.00000     0.00000     0.00000     0.00000     0.00000 
1     0.00000     0.00000     0.00000     0.00000     0.00000     0.00000     0.00000     0.00000     0.00000     0.00000     0.00000     0.00000     0.00000 
1     0.00000     0.00000     0.00000     0.00000     0.00000     0.00000     0.00000     0.00000     0.00000     0.00000     0.00000     0.00000     0.00000 
1 17282.31800 17282.30450 17282.29400    -0.60400 51837.23500     2.34350     6.26153  1841.48400     0.31300 17281.96408 17282.68851 17281.74288 17282.88759 
1     0.00000     0.00000     0.00000     0.00000     0.00000     0.00000     0.00000     0.00000     0.00000     0.00000     0.00000     0.00000     0.00000 
1 17400.59100 17400.58328 17400.58200    -0.25700 51381.45400     1.24900     1.57750     0.00000     0.00000 17400.33109 17400.80667 17400.19284 17401.21588 
1 17433.66600 17433.65188 17433.63900    -0.65000 51705.01100     0.77500     0.67435     0.00000     0.00000 17433.38397 17434.03651 17432.81992 17434.19135 
1     0.00000     0.00000     0.00000     0.00000     0.00000     0.00000     0.00000     0.00000     0.00000     0.00000     0.00000     0.00000     0.00000 
1     0.00000     0.00000     0.00000     0.00000     0.00000     0.00000     0.00000     0.00000     0.00000     0.00000     0.00000     0.00000     0.00000 
1 17453.86400 17453.85045 17453.84300    -0.92400 51705.01100     0.57100     0.63967     0.00000     0.00000 17453.56538 17454.15156 17453.16723 17454.71008 
1 17478.03400 17478.02551 17478.01600    -1.07900 53545.82900     1.45350     2.13727  2986.08000     0.32400 17477.65796 17478.19990 17477.02755 17479.09022 
1     0.00000     0.00000     0.00000     0.00000     0.00000     0.00000     0.00000     0.00000     0.00000     0.00000     0.00000     0.00000     0.00000 
1     0.00000     0.00000     0.00000     0.00000     0.00000     0.00000     0.00000     0.00000     0.00000     0.00000     0.00000     0.00000     0.00000 
1 17488.56100 17488.54967 17488.58600    -2.01500 51705.01100     1.42750     2.10844     0.00000     0.00000 17488.25685 17488.76008 17487.86976 17489.35731 
1     0.00000     0.00000     0.00000     0.00000     0.00000     0.00000     0.00000     0.00000     0.00000     0.00000     0.00000     0.00000     0.00000 
1 17518.10300 17518.08743 17518.06900    -1.44500 47377.95200     1.22100     1.50899     0.00000     0.00000 17517.82097 17518.29655 17517.44494 17518.73341 
1     0.00000     0.00000     0.00000     0.00000     0.00000     0.00000     0.00000     0.00000     0.00000     0.00000     0.00000     0.00000     0.00000 
1 17531.20100 17531.18702 17531.17400    -1.48800 53568.74700     1.54900     2.42966     0.00000     0.00000 17531.03510 17531.39455 17530.43234 17531.72635 
1 17534.79800 17534.73352 17534.74100    -0.98100 53568.74700     1.22700     1.94114     0.00000     0.00000 17534.59339 17534.98049 17534.07358 17535.26805 
1     0.00000     0.00000     0.00000     0.00000     0.00000     0.00000     0.00000     0.00000     0.00000     0.00000     0.00000     0.00000     0.00000 
1     0.00000     0.00000     0.00000     0.00000     0.00000     0.00000     0.00000     0.00000     0.00000     0.00000     0.00000     0.00000     0.00000 
1     0.00000     0.00000     0.00000     0.00000     0.00000     0.00000     0.00000     0.00000     0.00000     0.00000     0.00000     0.00000     0.00000 
1 17575.32300 17575.31741 17575.32100    -0.45700 51619.07300     1.03050     1.16402     0.00000     0.00000 17575.11839 17575.61056 17574.86401 17575.91471 
1 17577.85700 17577.82761 17577.79600    -1.10700 51461.66700     1.33100     1.79402     0.00000     0.00000 17577.66898 17578.01184 17577.01645 17578.45424 
1     0.00000     0.00000     0.00000     0.00000     0.00000     0.00000     0.00000     0.00000     0.00000     0.00000     0.00000     0.00000     0.00000 
1     0.00000     0.00000     0.00000     0.00000     0.00000     0.00000     0.00000     0.00000     0.00000     0.00000     0.00000     0.00000     0.00000 
1     0.00000     0.00000     0.00000     0.00000     0.00000     0.00000     0.00000     0.00000     0.00000     0.00000     0.00000     0.00000     0.00000 
1     0.00000     0.00000     0.00000     0.00000     0.00000     0.00000     0.00000     0.00000     0.00000     0.00000     0.00000     0.00000     0.00000 
1     0.00000     0.00000     0.00000     0.00000     0.00000     0.00000     0.00000     0.00000     0.00000     0.00000     0.00000     0.00000     0.00000 
1 17683.91800 17683.90571 17683.92000    -0.30500 51103.18800     1.57900     2.54648     0.00000     0.00000 17683.64150 17684.22768 17682.75118 17685.06823 
1     0.00000     0.00000     0.00000     0.00000     0.00000     0.00000     0.00000     0.00000     0.00000     0.00000     0.00000     0.00000     0.00000 
1     0.00000     0.00000     0.00000     0.00000     0.00000     0.00000     0.00000     0.00000     0.00000     0.00000     0.00000     0.00000     0.00000 
1     0.00000     0.00000     0.00000     0.00000     0.00000     0.00000     0.00000     0.00000     0.00000     0.00000     0.00000     0.00000     0.00000 
1     0.00000     0.00000     0.00000     0.00000     0.00000     0.00000     0.00000     0.00000     0.00000     0.00000     0.00000     0.00000     0.00000 
1     0.00000     0.00000     0.00000     0.00000     0.00000     0.00000     0.00000     0.00000     0.00000     0.00000     0.00000     0.00000     0.00000 
1     0.00000     0.00000     0.00000     0.00000     0.00000     0.00000     0.00000     0.00000     0.00000     0.00000     0.00000     0.00000     0.00000 
1     0.00000     0.00000     0.00000     0.00000     0.00000     0.00000     0.00000     0.00000     0.00000     0.00000     0.00000     0.00000     0.00000 
1     0.00000     0.00000     0.00000     0.00000     0.00000     0.00000     0.00000     0.00000     0.00000 17714.13759 17714.67215 17713.84726 17714.89335 
1 17717.15900 17717.14255 17717.13600    -1.41100 51148.90700     2.40350     5.84476  1403.23900     0.32900 17716.98388 17717.40785 17716.31568 17717.77651 
1     0.00000     0.00000     0.00000     0.00000     0.00000     0.00000     0.00000     0.00000     0.00000     0.00000     0.00000     0.00000     0.00000 
1 17771.12800 17771.11098 17771.12600     0.19100 47960.93700     1.33800     1.79399     0.00000     0.00000 17770.34920 17771.85611 17770.17408 17771.98053 
1     0.00000     0.00000     0.00000     0.00000     0.00000     0.00000     0.00000     0.00000     0.00000     0.00000     0.00000     0.00000     0.00000 
1     0.00000     0.00000     0.00000     0.00000     0.00000     0.00000     0.00000     0.00000     0.00000     0.00000     0.00000     0.00000     0.00000 
1     0.00000     0.00000     0.00000     0.00000     0.00000     0.00000     0.00000     0.00000     0.00000     0.00000     0.00000     0.00000     0.00000 
1     0.00000     0.00000     0.00000     0.00000     0.00000     0.00000     0.00000     0.00000     0.00000     0.00000     0.00000     0.00000     0.00000 
1     0.00000     0.00000     0.00000     0.00000     0.00000     0.00000     0.00000     0.00000     0.00000     0.00000     0.00000     0.00000     0.00000 
1     0.00000     0.00000     0.00000     0.00000     0.00000     0.00000     0.00000     0.00000     0.00000     0.00000     0.00000     0.00000     0.00000 
1     0.00000     0.00000     0.00000     0.00000     0.00000     0.00000     0.00000     0.00000     0.00000     0.00000     0.00000     0.00000     0.00000 
1     0.00000     0.00000     0.00000     0.00000     0.00000     0.00000     0.00000     0.00000     0.00000     0.00000     0.00000     0.00000     0.00000 
1     0.00000     0.00000     0.00000     0.00000     0.00000     0.00000     0.00000     0.00000     0.00000     0.00000     0.00000     0.00000     0.00000 
1     0.00000     0.00000     0.00000     0.00000     0.00000     0.00000     0.00000     0.00000     0.00000     0.00000     0.00000     0.00000     0.00000 
1 17943.14500 17943.15959 17943.11400    -1.02900 54375.67300     1.84800     4.05130     0.00000     0.00000 17942.65652 17943.69339 17942.41689 17944.08048 
1     0.00000     0.00000     0.00000     0.00000     0.00000     0.00000     0.00000     0.00000     0.00000     0.00000     0.00000     0.00000     0.00000 
1 17971.99500 17971.98671 17971.98700    -0.84400 53160.58900     1.15700     1.43990     0.00000     0.00000 17971.68164 17972.33141 17971.37749 17972.49270 
1     0.00000     0.00000     0.00000     0.00000     0.00000     0.00000     0.00000     0.00000     0.00000     0.00000     0.00000     0.00000     0.00000 
1     0.00000     0.00000     0.00000     0.00000     0.00000     0.00000     0.00000     0.00000     0.00000     0.00000     0.00000     0.00000     0.00000 
1 17982.32500 17982.31160 17982.30900    -2.97400 53155.14100     0.85000     0.92783  2718.41700     0.31800 17981.80887 17982.84574 17981.45403 17983.26970 
